"Hylak_id","longitude","latitude","fish_ID2"
46,-77.13037002,53.67370724,96
47,-75.54382598,53.85496076,96
560,-77.89747002,54.44480724,96
580,-75.64457002,53.97110724,96
596,-76.59157002,53.42230724,96
6165,-74.98612598,55.07116076,96
6179,-76.14377002,55.03430724,96
6201,-77.38467002,54.96360724,96
6224,-75.17262598,54.92856076,96
6239,-76.76147002,54.92780724,96
6244,-77.32827002,54.85370724,96
6256,-75.20512598,54.85336076,96
6267,-76.57507002,54.78920724,96
6287,-77.36647002,54.81170724,96
6304,-75.29072598,54.70516076,96
6307,-75.53587002,54.71850724,96
6318,-75.06772598,54.74076076,96
6344,-75.16322598,54.62016076,96
6353,-76.18797002,54.58510724,96
6368,-77.95667002,54.58600724,96
6380,-77.58167002,54.52940724,96
6421,-76.26667002,54.51150724,96
6472,-76.14207002,54.37370724,96
6479,-77.10327002,54.32540724,96
6498,-76.92887002,54.34280724,96
6502,-76.53647002,54.29860724,96
6510,-77.44327002,54.28570724,96
6515,-75.47977002,54.28690724,96
6523,-75.85887002,54.23320724,96
6530,-75.39437002,54.23430724,96
6537,-76.82437002,54.27990724,96
6547,-76.53547002,54.18230724,96
6554,-75.63547002,54.20110724,96
6559,-76.99497002,54.13100724,96
6570,-77.49667002,54.16640724,96
6573,-74.90912598,54.15246076,96
6576,-77.85687002,54.15000724,96
6583,-75.81207002,54.05760724,96
6611,-75.15682598,53.99726076,96
6613,-77.83807002,54.02230724,96
6623,-75.04842598,53.99006076,96
6662,-77.49727002,53.90160724,96
6786,-74.94002598,53.53126076,96
6798,-77.56297002,53.57410724,96
6838,-76.44127002,53.53270724,96
6852,-75.48487002,53.44670724,96
6864,-77.96727002,53.48410724,96
6867,-77.92987002,53.43260724,96
6902,-76.29997002,53.28910724,96
6907,-76.01647002,53.26380724,96
6915,-74.76332598,53.23596076,96
6928,-77.45757002,53.28760724,96
6930,-76.37697002,53.20880724,96
6935,-76.48877002,53.22460724,96
6940,-77.87187002,53.17860724,96
6977,-76.58842762,53.06790432,96
78606,-75.42967002,55.33570724,96
78620,-74.87212598,55.34826076,96
78625,-74.42992598,55.34856076,96
78667,-75.89507002,55.33860724,96
78679,-74.48562598,55.33476076,96
78697,-75.67627002,55.32230724,96
78707,-76.20017002,55.33050724,96
78740,-77.24497002,55.31400724,96
78745,-75.76247002,55.32100724,96
78759,-75.49537002,55.32950724,96
78765,-75.50917002,55.31020724,96
78778,-75.56037002,55.30180724,96
78781,-76.35387002,55.30820724,96
78826,-75.80227002,55.30540724,96
78829,-74.70922598,55.29466076,96
78858,-77.29187002,55.28440724,96
78864,-74.57452598,55.29716076,96
78866,-75.87377002,55.29860724,96
78867,-75.11222598,55.31246076,96
78892,-75.36037002,55.28500724,96
78898,-75.88407002,55.28740724,96
78922,-74.52582598,55.28026076,96
78930,-75.35967002,55.27390724,96
78932,-76.35897002,55.28810724,96
78933,-75.52457002,55.27490724,96
78943,-75.99757002,55.28010724,96
78972,-76.53247002,55.26690724,96
78976,-74.69102598,55.27526076,96
78989,-74.84262598,55.28006076,96
79009,-75.89237002,55.26780724,96
79013,-75.93827002,55.26840724,96
79018,-75.64297002,55.25740724,96
79025,-75.45937002,55.25190724,96
79030,-75.69417002,55.24720724,96
79052,-75.78137002,55.25760724,96
79057,-74.95412598,55.24446076,96
79065,-75.32637002,55.24850724,96
79066,-74.62332598,55.25336076,96
79088,-76.06517002,55.23850724,96
79091,-76.28447002,55.25410724,96
79101,-75.84567002,55.24490724,96
79115,-75.44227002,55.22440724,96
79141,-75.13432598,55.24396076,96
79144,-76.23067002,55.25490724,96
79149,-74.45692598,55.21946076,96
79167,-75.61647002,55.22210724,96
79173,-74.63572598,55.22856076,96
79181,-75.81677002,55.22150724,96
79194,-75.15532598,55.22616076,96
79213,-74.79282598,55.22276076,96
79216,-75.47677002,55.22620724,96
79217,-75.65847002,55.20960724,96
79222,-75.82957002,55.20900724,96
79226,-74.40412598,55.20466076,96
79232,-74.67202598,55.21276076,96
79238,-76.29497002,55.22260724,96
79239,-74.54742598,55.20446076,96
79260,-74.71012598,55.20726076,96
79277,-74.75092598,55.20626076,96
79290,-75.02582598,55.20426076,96
79310,-75.42567002,55.19930724,96
79311,-74.94962598,55.20136076,96
79319,-75.97337002,55.19270724,96
79320,-75.23292598,55.20526076,96
79338,-75.58037002,55.19190724,96
79346,-76.08917002,55.18120724,96
79347,-75.65727002,55.19240724,96
79348,-75.23532598,55.19236076,96
79353,-75.32527002,55.18830724,96
79355,-75.14222598,55.18436076,96
79356,-74.72372598,55.17916076,96
79391,-75.09292598,55.19806076,96
79407,-75.85337002,55.17110724,96
79449,-74.61362598,55.16436076,96
79461,-75.43417002,55.16930724,96
79465,-76.93857002,55.16020724,96
79466,-74.50672598,55.16166076,96
79480,-75.63617002,55.16020724,96
79485,-75.59857002,55.14870724,96
79510,-76.08737002,55.14850724,96
79520,-77.01657002,55.14650724,96
79526,-76.04817002,55.15930724,96
79533,-75.97097002,55.14020724,96
79543,-75.50137002,55.15280724,96
79544,-74.97452598,55.14046076,96
79547,-77.75427002,55.13880724,96
79560,-75.45607002,55.13840724,96
79566,-74.47532598,55.13896076,96
79568,-74.44922598,55.13616076,96
79585,-76.73167002,55.12430724,96
79592,-75.31557002,55.13540724,96
79609,-75.54397002,55.13440724,96
79615,-76.09757002,55.12910724,96
79634,-74.54102598,55.11996076,96
79638,-77.92247002,55.12770724,96
79647,-76.02737002,55.13070724,96
79664,-75.74887002,55.10850724,96
79667,-77.61937002,55.11890724,96
79672,-74.87942598,55.11446076,96
79678,-75.80947002,55.10540724,96
79684,-76.80637002,55.11290724,96
79687,-77.57857002,55.10450724,96
79692,-75.68097002,55.11510724,96
79706,-74.71482598,55.09516076,96
79716,-77.49807002,55.10720724,96
79725,-76.82827002,55.09450724,96
79762,-74.58732598,55.09556076,96
79766,-75.25672598,55.09166076,96
79769,-77.74227002,55.09540724,96
79774,-75.52827002,55.10380724,96
79802,-75.37687002,55.08600724,96
79809,-76.57557002,55.08950724,96
79835,-75.32327002,55.08550724,96
79857,-75.70867002,55.08800724,96
79863,-77.52697002,55.07490724,96
79867,-75.33227002,55.06680724,96
79875,-74.54232598,55.07026076,96
79896,-76.00667002,55.07500724,96
79899,-77.89117002,55.07660724,96
79911,-75.47647002,55.06550724,96
79925,-76.41447002,55.06480724,96
79954,-74.74202598,55.06736076,96
79961,-76.87267002,55.05740724,96
79990,-75.75127002,55.05690724,96
80016,-76.91037002,55.02830724,96
80036,-76.82127002,55.04710724,96
80057,-74.69252598,55.03906076,96
80070,-74.51942598,55.01916076,96
80075,-75.25102598,55.04256076,96
80081,-76.77537002,55.02470724,96
80088,-75.31427002,55.01930724,96
80101,-75.40207002,55.02860724,96
80118,-74.91992598,55.02746076,96
80129,-75.38007002,55.02870724,96
80135,-75.00192598,55.02106076,96
80177,-75.32237002,55.00620724,96
80200,-76.17117002,55.00480724,96
80214,-75.02422598,54.99966076,96
80222,-75.22952598,55.01086076,96
80248,-76.33337002,54.98360724,96
80274,-76.92127002,54.98100724,96
80279,-77.68757002,54.98570724,96
80284,-76.06537002,54.97790724,96
80291,-76.69397002,54.98950724,96
80292,-75.60827002,54.99750724,96
80297,-76.24007002,54.99410724,96
80308,-75.39277002,54.99660724,96
80312,-75.84487002,54.98010724,96
80313,-75.52497002,54.98740724,96
80324,-77.22547002,54.96840724,96
80331,-75.19832598,54.97536076,96
80362,-76.45137002,54.96950724,96
80372,-75.94427002,54.99440724,96
80383,-74.47052598,54.94606076,96
80389,-76.11127002,54.96580724,96
80398,-76.01677002,54.96120724,96
80406,-75.50847002,54.95750724,96
80414,-75.19322598,54.96116076,96
80444,-76.64877002,54.95350724,96
80450,-75.27137002,54.96730724,96
80462,-77.58407002,54.94970724,96
80472,-74.58882598,54.96996076,96
80475,-77.07887002,54.93980724,96
80485,-76.57767002,54.96060724,96
80488,-75.64897002,54.94740724,96
80493,-76.53237002,54.94290724,96
80494,-75.52637002,54.94590724,96
80500,-77.29727002,54.92680724,96
80510,-74.77692598,54.95226076,96
80513,-76.15947002,54.93160724,96
80522,-77.62957002,54.94590724,96
80537,-76.85467002,54.95630724,96
80538,-76.73737002,54.95730724,96
80540,-76.01127002,54.93410724,96
80544,-75.78137002,54.93400724,96
80555,-77.10957002,54.93040724,96
80558,-75.67477002,54.92490724,96
80572,-77.21767002,54.93460724,96
80581,-75.85867002,54.92070724,96
80593,-76.90447002,54.92510724,96
80598,-77.37767002,54.91690724,96
80608,-75.30297002,54.92520724,96
80622,-77.19387002,54.91580724,96
80623,-76.30587002,54.91780724,96
80650,-76.09107002,54.88190724,96
80664,-75.98777002,54.91360724,96
80673,-75.44657002,54.90540724,96
80693,-77.78437002,54.91710724,96
80700,-74.57002598,54.90046076,96
80722,-77.44917002,54.89520724,96
80740,-76.76427002,54.89220724,96
80747,-77.63637002,54.89900724,96
80751,-75.41177002,54.89850724,96
80752,-75.01872598,54.89236076,96
80758,-76.60337002,54.89700724,96
80762,-77.34247002,54.89340724,96
80768,-75.11542598,54.89276076,96
80773,-75.42877002,54.88920724,96
80782,-75.78907002,54.90520724,96
80786,-74.77892598,54.87896076,96
80806,-75.76747002,54.88280724,96
80830,-77.84807002,54.88140724,96
80839,-76.04867002,54.87060724,96
80855,-75.51897002,54.87620724,96
80856,-74.81242598,54.85656076,96
80861,-77.75707002,54.86350724,96
80866,-76.95437002,54.86720724,96
80887,-76.09127002,54.86520724,96
80897,-74.60442598,54.84946076,96
80899,-76.42257002,54.86180724,96
80905,-75.29187002,54.86530724,96
80927,-75.86907002,54.85510724,96
80938,-74.46412598,54.84716076,96
80941,-77.56477002,54.83110724,96
80950,-76.88907002,54.84960724,96
80954,-77.14587002,54.85110724,96
80955,-74.68612598,54.85116076,96
80959,-77.80847002,54.83370724,96
80989,-75.39227002,54.85200724,96
80998,-76.71717002,54.84620724,96
80999,-75.46007002,54.83590724,96
81012,-74.90152598,54.84976076,96
81020,-74.95602598,54.83706076,96
81022,-75.65337002,54.84220724,96
81034,-75.38507002,54.84020724,96
81055,-75.31797002,54.83010724,96
81070,-76.16687002,54.83110724,96
81077,-75.72937002,54.81380724,96
81084,-77.19657002,54.83700724,96
81092,-77.64507002,54.82570724,96
81097,-76.81837002,54.82350724,96
81112,-74.69702598,54.81656076,96
81146,-75.10672598,54.82246076,96
81159,-74.63812598,54.78766076,96
81164,-76.90997002,54.79760724,96
81165,-76.67687002,54.80060724,96
81170,-75.91767002,54.82570724,96
81173,-75.11672598,54.81046076,96
81180,-77.19277002,54.82040724,96
81197,-75.30417002,54.81120724,96
81205,-74.85922598,54.79566076,96
81211,-75.24872598,54.79876076,96
81217,-77.11107002,54.81160724,96
81238,-75.13972598,54.80126076,96
81251,-75.32427002,54.80570724,96
81258,-77.72787002,54.80030724,96
81259,-74.71582598,54.78996076,96
81269,-77.04497002,54.80160724,96
81270,-76.48767002,54.79480724,96
81273,-75.37387002,54.79380724,96
81291,-77.55737002,54.79290724,96
81294,-75.44167002,54.78590724,96
81309,-76.18447002,54.78790724,96
81314,-74.76962598,54.79046076,96
81319,-77.67777002,54.78890724,96
81320,-75.46967002,54.80010724,96
81332,-76.69057002,54.78010724,96
81333,-76.42987002,54.79250724,96
81339,-77.49277002,54.77810724,96
81340,-75.28072598,54.77876076,96
81344,-74.65582598,54.76886076,96
81355,-77.13717002,54.77430724,96
81364,-76.16627002,54.77190724,96
81379,-75.54167002,54.77490724,96
81391,-76.71347002,54.76070724,96
81392,-75.47077002,54.77410724,96
81394,-76.08737002,54.77820724,96
81398,-75.32787002,54.77080724,96
81400,-77.76607002,54.76840724,96
81420,-74.89722598,54.78056076,96
81426,-76.41927002,54.76370724,96
81436,-77.58507002,54.76580724,96
81437,-74.45442598,54.75596076,96
81444,-74.74272598,54.74856076,96
81455,-74.94992598,54.76066076,96
81466,-76.92777002,54.76090724,96
81489,-77.13027002,54.75210724,96
81490,-75.75177002,54.73890724,96
81494,-77.21867002,54.76080724,96
81496,-77.13847002,54.74590724,96
81502,-76.01927002,54.74820724,96
81519,-77.27297002,54.73600724,96
81525,-74.52942598,54.73996076,96
81539,-75.16772598,54.74596076,96
81540,-74.84792598,54.73896076,96
81550,-75.89397002,54.74200724,96
81557,-77.23387002,54.73160724,96
81567,-74.87232598,54.72916076,96
81573,-75.18022598,54.73566076,96
81578,-77.08437002,54.72760724,96
81589,-77.48697002,54.72170724,96
81598,-76.91967002,54.73030724,96
81599,-74.85422598,54.71266076,96
81605,-77.14517002,54.72040724,96
81606,-76.06677002,54.72920724,96
81618,-75.87267002,54.72670724,96
81625,-74.61212598,54.71236076,96
81633,-77.91107002,54.71530724,96
81643,-74.81752598,54.71556076,96
81647,-77.17607002,54.70820724,96
81648,-75.43737002,54.71530724,96
81656,-75.98027002,54.71540724,96
81662,-77.32797002,54.70890724,96
81667,-75.93297002,54.71160724,96
81675,-77.71177002,54.70500724,96
81680,-74.68232598,54.70946076,96
81687,-76.32047002,54.70190724,96
81712,-77.78307002,54.69450724,96
81714,-76.87047002,54.69970724,96
81719,-74.88622598,54.69246076,96
81731,-75.98217002,54.70140724,96
81734,-75.85907002,54.70250724,96
81735,-75.02082598,54.71216076,96
81741,-77.57037002,54.70090724,96
81746,-77.91687002,54.68300724,96
81756,-77.24467002,54.69020724,96
81758,-75.50337002,54.68920724,96
81762,-77.38177002,54.69000724,96
81765,-76.89447002,54.69500724,96
81780,-77.67477002,54.68730724,96
81786,-75.00492598,54.67066076,96
81792,-76.81657002,54.69330724,96
81798,-76.28747002,54.69070724,96
81827,-75.14662598,54.67126076,96
81832,-74.63172598,54.67546076,96
81853,-75.88437002,54.65000724,96
81862,-76.30517002,54.67360724,96
81866,-75.44617002,54.67150724,96
81891,-76.92837002,54.66550724,96
81892,-75.20152598,54.66256076,96
81899,-75.72127002,54.68430724,96
81928,-77.38337002,54.66340724,96
81929,-75.14692598,54.65716076,96
81942,-75.80217002,54.66770724,96
81955,-75.15252598,54.64636076,96
81958,-77.67207002,54.64810724,96
81959,-74.74782598,54.65906076,96
81961,-77.00377002,54.64140724,96
81975,-77.33537002,54.61530724,96
81976,-77.20507002,54.64190724,96
81990,-77.71177002,54.64530724,96
81993,-75.31527002,54.64220724,96
82015,-74.62382598,54.64876076,96
82026,-76.94547002,54.65130724,96
82035,-77.23387002,54.63330724,96
82038,-74.98472598,54.60656076,96
82046,-77.98687002,54.64160724,96
82051,-76.50497002,54.63290724,96
82058,-74.95812598,54.62466076,96
82065,-76.56547002,54.64000724,96
82072,-74.40962598,54.62756076,96
82087,-76.37997002,54.63590724,96
82135,-75.08342598,54.62446076,96
82148,-75.39527002,54.61230724,96
82156,-77.40117002,54.62840724,96
82163,-77.57117002,54.58800724,96
82173,-77.96797002,54.61910724,96
82193,-76.33747002,54.61180724,96
82219,-76.38707002,54.60090724,96
82226,-77.07597002,54.59650724,96
82234,-77.14787002,54.60160724,96
82235,-75.94277002,54.59730724,96
82237,-76.83677002,54.60610724,96
82259,-75.31527002,54.59020724,96
82269,-77.16397002,54.59860724,96
82272,-77.27247002,54.58800724,96
82292,-76.69637002,54.59000724,96
82299,-75.49507002,54.58860724,96
82316,-77.22117002,54.58600724,96
82319,-75.55327002,54.58480724,96
82331,-77.54147002,54.57470724,96
82334,-75.85307002,54.58130724,96
82344,-76.95157002,54.57870724,96
82351,-76.28557002,54.57640724,96
82354,-76.57527002,54.59160724,96
82369,-76.34827002,54.58420724,96
82397,-75.22342598,54.57016076,96
82416,-75.48207002,54.57750724,96
82431,-77.61627002,54.55420724,96
82434,-75.58997002,54.56740724,96
82437,-74.60242598,54.56226076,96
82441,-76.22417002,54.56230724,96
82442,-75.63447002,54.56450724,96
82445,-77.22177002,54.55990724,96
82446,-74.92642598,54.56306076,96
82455,-74.62602598,54.55016076,96
82465,-76.54977002,54.56470724,96
82468,-76.27127002,54.55810724,96
82482,-75.91057002,54.56800724,96
82492,-77.50147002,54.55530724,96
82512,-77.12767002,54.56160724,96
82521,-74.68732598,54.54166076,96
82535,-75.13022598,54.56726076,96
82546,-77.43747002,54.53520724,96
82547,-76.51327002,54.54060724,96
82566,-77.91467002,54.53460724,96
82574,-76.00867002,54.53650724,96
82579,-75.66567002,54.54120724,96
82589,-77.73257002,54.52500724,96
82593,-76.58777002,54.53140724,96
82598,-77.78157002,54.52850724,96
82618,-77.36807002,54.52370724,96
82632,-75.84697002,54.52610724,96
82635,-76.42117002,54.51570724,96
82640,-75.70357002,54.52800724,96
82641,-74.79512598,54.52586076,96
82655,-75.60447002,54.52180724,96
82666,-77.89387002,54.51640724,96
82673,-77.00737002,54.51860724,96
82674,-75.52117002,54.51900724,96
82677,-76.14267002,54.51770724,96
82680,-76.79347002,54.52210724,96
82728,-77.64027002,54.48660724,96
82730,-77.30867002,54.52680724,96
82731,-76.21037002,54.49940724,96
82732,-76.16467002,54.50660724,96
82749,-74.43022598,54.50406076,96
82753,-75.60277002,54.49990724,96
82757,-77.74337002,54.49710724,96
82764,-75.28387002,54.48630724,96
82769,-75.15032598,54.49126076,96
82790,-77.46027002,54.49360724,96
82793,-74.50122598,54.48906076,96
82796,-76.34377002,54.48890724,96
82802,-75.41897002,54.49360724,96
82809,-75.53977002,54.48960724,96
82815,-77.67067002,54.48480724,96
82823,-76.25617002,54.48440724,96
82827,-76.04197002,54.49410724,96
82873,-74.89202598,54.46646076,96
82881,-76.67617002,54.47720724,96
82901,-75.64357002,54.47350724,96
82904,-77.66927002,54.46270724,96
82912,-77.93447002,54.47830724,96
82922,-76.36877002,54.46290724,96
82927,-76.49637002,54.47310724,96
82931,-76.08677002,54.47110724,96
82935,-75.80657002,54.46720724,96
82944,-77.36907002,54.43700724,96
82948,-76.10387002,54.45430724,96
82951,-76.07037002,54.46240724,96
82957,-76.26027002,54.47300724,96
82958,-76.02427002,54.46730724,96
82960,-76.72717002,54.46070724,96
82967,-76.25257002,54.45480724,96
82973,-76.60327002,54.46370724,96
82976,-75.23792598,54.46156076,96
82977,-76.03287002,54.43400724,96
82979,-76.47327002,54.46270724,96
82983,-75.19792598,54.44536076,96
82987,-74.85032598,54.45016076,96
82990,-77.44927002,54.45370724,96
82991,-76.86287002,54.45140724,96
82997,-74.52342598,54.45626076,96
83009,-75.53477002,54.45570724,96
83010,-76.56007002,54.45320724,96
83016,-77.61057002,54.45040724,96
83017,-74.94342598,54.44976076,96
83023,-76.18447002,54.44500724,96
83038,-76.44067002,54.44020724,96
83046,-76.69007002,54.43120724,96
83055,-76.29827002,54.43800724,96
83057,-75.41087002,54.44740724,96
83075,-76.80807002,54.43810724,96
83105,-75.82957002,54.43170724,96
83108,-76.59347002,54.43830724,96
83111,-74.41592598,54.43546076,96
83116,-75.29297002,54.42860724,96
83121,-76.23187002,54.42890724,96
83138,-76.72317002,54.42320724,96
83146,-77.35797002,54.41880724,96
83150,-77.74667002,54.41840724,96
83151,-76.66757002,54.42460724,96
83154,-76.49967002,54.39740724,96
83155,-74.79622598,54.42876076,96
83156,-76.07277002,54.42580724,96
83160,-75.72167002,54.42510724,96
83188,-77.30187002,54.41920724,96
83196,-77.02767002,54.41610724,96
83202,-77.09147002,54.41350724,96
83206,-74.56592598,54.41436076,96
83209,-75.53227002,54.42020724,96
83216,-76.18127002,54.41120724,96
83218,-76.88717002,54.41330724,96
83223,-75.41677002,54.38910724,96
83232,-74.66262598,54.40546076,96
83233,-74.49772598,54.40996076,96
83256,-77.59647002,54.40260724,96
83261,-75.46547002,54.40830724,96
83262,-74.80432598,54.40266076,96
83267,-77.68207002,54.40100724,96
83270,-76.14167002,54.40160724,96
83274,-75.98897002,54.40130724,96
83286,-77.51487002,54.40810724,96
83311,-77.87547002,54.39610724,96
83314,-76.31367002,54.40310724,96
83323,-77.89637002,54.39610724,96
83329,-76.68347002,54.38720724,96
83331,-74.49292598,54.39696076,96
83337,-76.38697002,54.38690724,96
83339,-76.63127002,54.38720724,96
83340,-77.12617002,54.39170724,96
83349,-77.39697002,54.38390724,96
83358,-75.01972598,54.38876076,96
83370,-74.77822598,54.38906076,96
83375,-74.57172598,54.39386076,96
83387,-75.82697002,54.38570724,96
83388,-75.75427002,54.41330724,96
83393,-77.62097002,54.37390724,96
83394,-76.03097002,54.38120724,96
83408,-75.49577002,54.37430724,96
83412,-77.32467002,54.37320724,96
83413,-76.98567002,54.37990724,96
83417,-77.52547002,54.36120724,96
83450,-76.74807002,54.37850724,96
83468,-77.90757002,54.36340724,96
83484,-77.29787002,54.34490724,96
83499,-75.95737002,54.34640724,96
83526,-76.51637002,54.36000724,96
83533,-77.37647002,54.34620724,96
83583,-76.05577002,54.34510724,96
83592,-76.69797002,54.33480724,96
83605,-74.48932598,54.32496076,96
83636,-76.23877002,54.33660724,96
83642,-76.51337002,54.33870724,96
83654,-76.52327002,54.32530724,96
83659,-76.10797002,54.34260724,96
83674,-76.76907002,54.32880724,96
83687,-77.95857002,54.31470724,96
83715,-77.52517002,54.31590724,96
83727,-76.03767002,54.32120724,96
83736,-77.41077002,54.31830724,96
83753,-75.27412598,54.30616076,96
83757,-74.46532598,54.30886076,96
83763,-75.19602598,54.31126076,96
83769,-76.19767002,54.30630724,96
83775,-75.13452598,54.30536076,96
83778,-77.21657002,54.30830724,96
83779,-74.41792598,54.30386076,96
83784,-75.00862598,54.29936076,96
83808,-77.60257002,54.30870724,96
83846,-74.54712598,54.28896076,96
83850,-77.12107002,54.28330724,96
83866,-75.79667002,54.28790724,96
83868,-77.98887002,54.28170724,96
83875,-74.44942598,54.27376076,96
83884,-77.80567002,54.28860724,96
83898,-75.74017002,54.27710724,96
83941,-75.42497002,54.27140724,96
83948,-75.21332598,54.26936076,96
83955,-76.89577002,54.26510724,96
83960,-77.23157002,54.28250724,96
83961,-77.06617002,54.26670724,96
83985,-77.74917002,54.27530724,96
83997,-77.60987002,54.27320724,96
83998,-75.35227002,54.25530724,96
84005,-76.44947002,54.26710724,96
84023,-76.96317002,54.25090724,96
84027,-77.25787002,54.26060724,96
84034,-74.69042598,54.25316076,96
84040,-75.14102598,54.24766076,96
84044,-77.09857002,54.25730724,96
84045,-77.66367002,54.22920724,96
84059,-77.12877002,54.24220724,96
84064,-77.95247002,54.26040724,96
84077,-77.54937002,54.25660724,96
84079,-75.53247002,54.24480724,96
84082,-76.56947002,54.25640724,96
84105,-74.61472598,54.24096076,96
84135,-76.74967002,54.24090724,96
84150,-76.46337002,54.23390724,96
84160,-75.20742598,54.21206076,96
84162,-74.66622598,54.23236076,96
84165,-77.97437002,54.22340724,96
84174,-77.05137002,54.23470724,96
84185,-77.08087002,54.22480724,96
84196,-77.52047002,54.22770724,96
84198,-77.22897002,54.21580724,96
84216,-77.68677002,54.20980724,96
84220,-74.78372598,54.21286076,96
84229,-76.65487002,54.21430724,96
84245,-75.34647002,54.22180724,96
84256,-77.66317002,54.19870724,96
84257,-75.51177002,54.21020724,96
84261,-76.96217002,54.22810724,96
84269,-77.14397002,54.20550724,96
84291,-76.81937002,54.21040724,96
84300,-76.53007002,54.19910724,96
84305,-76.76517002,54.20300724,96
84321,-75.49007002,54.17330724,96
84324,-76.09297002,54.20080724,96
84325,-75.29277002,54.20230724,96
84342,-76.65397002,54.19000724,96
84349,-77.32907002,54.20480724,96
84359,-75.75847002,54.19950724,96
84371,-76.78647002,54.19380724,96
84380,-77.06447002,54.18520724,96
84396,-77.58947002,54.18760724,96
84397,-77.52607002,54.17770724,96
84400,-76.98137002,54.18620724,96
84401,-76.67607002,54.18400724,96
84407,-75.16502598,54.17656076,96
84409,-77.36227002,54.18100724,96
84412,-74.58512598,54.18746076,96
84443,-75.30257002,54.16930724,96
84455,-77.28177002,54.16420724,96
84464,-77.18937002,54.17590724,96
84470,-77.09557002,54.16790724,96
84471,-76.69767002,54.16720724,96
84475,-75.65877002,54.16430724,96
84484,-75.46267002,54.16100724,96
84491,-77.43137002,54.16090724,96
84510,-74.66012598,54.16466076,96
84511,-77.40307002,54.14580724,96
84521,-76.46747002,54.16070724,96
84533,-75.26992598,54.15046076,96
84539,-75.84667002,54.15860724,96
84571,-76.90247002,54.14840724,96
84602,-75.52947002,54.14250724,96
84609,-77.49887002,54.13140724,96
84621,-75.35777002,54.13510724,96
84638,-75.66127002,54.13720724,96
84651,-77.10127002,54.11580724,96
84670,-76.59347002,54.12940724,96
84675,-75.43117002,54.11130724,96
84676,-75.17742598,54.12626076,96
84677,-74.67862598,54.12866076,96
84688,-77.12627002,54.11120724,96
84689,-76.71587002,54.11960724,96
84697,-77.37547002,54.11980724,96
84700,-76.83277002,54.12430724,96
84714,-77.24447002,54.12370724,96
84731,-75.22782598,54.11606076,96
84734,-76.96327002,54.10500724,96
84735,-75.08742598,54.11726076,96
84753,-75.00822598,54.11226076,96
84782,-75.14172598,54.11486076,96
84788,-77.55857002,54.09690724,96
84790,-75.91337002,54.10670724,96
84791,-74.85762598,54.10796076,96
84820,-77.15207002,54.09190724,96
84830,-76.09837002,54.09040724,96
84840,-75.53437002,54.09830724,96
84843,-77.35237002,54.09540724,96
84859,-75.87307002,54.08540724,96
84866,-75.54277002,54.07630724,96
84902,-77.20257002,54.07350724,96
84913,-77.34257002,54.07100724,96
84931,-77.50497002,54.05910724,96
84954,-75.31427002,54.06730724,96
84960,-77.38087002,54.05770724,96
84963,-74.71382598,54.07186076,96
84988,-75.54517002,54.04930724,96
85002,-75.75887002,54.05000724,96
85004,-74.78672598,54.05366076,96
85009,-75.72827002,54.05720724,96
85032,-77.20157002,54.04200724,96
85039,-75.66027002,54.04370724,96
85061,-77.49877002,54.03850724,96
85079,-77.05587002,54.05360724,96
85092,-75.99917002,54.02060724,96
85093,-75.49157002,54.02900724,96
85119,-74.43392598,54.02886076,96
85124,-77.36077002,54.02580724,96
85149,-77.40857002,54.02490724,96
85153,-76.96487002,54.01980724,96
85154,-75.25682598,54.02146076,96
85162,-76.86527002,54.03690724,96
85163,-74.97192598,54.02466076,96
85203,-76.99667002,54.00700724,96
85205,-77.21637002,54.01090724,96
85214,-77.64827002,54.00430724,96
85215,-74.78352598,54.00956076,96
85217,-77.72457002,54.01000724,96
85227,-77.09107002,54.00500724,96
85232,-77.42517002,54.00920724,96
85234,-74.79602598,54.01756076,96
85245,-74.70982598,54.00546076,96
85246,-77.14207002,53.99770724,96
85263,-74.89002598,54.01776076,96
85268,-74.77202598,53.98246076,96
85282,-77.68237002,53.99640724,96
85300,-74.62072598,53.99886076,96
85319,-74.64302598,53.98196076,96
85331,-77.13527002,53.98040724,96
85354,-77.07627002,53.97310724,96
85358,-77.27597002,53.98680724,96
85361,-76.86637002,53.97940724,96
85392,-77.09487002,53.96500724,96
85400,-77.59607002,53.96990724,96
85414,-74.82922598,53.95806076,96
85421,-75.07742598,53.96286076,96
85426,-75.99967002,53.96770724,96
85433,-77.04537002,53.96130724,96
85448,-77.24687002,53.94250724,96
85458,-75.27752598,53.94866076,96
85464,-76.85847002,53.95400724,96
85468,-77.08907002,53.94670724,96
85475,-75.43947002,53.94870724,96
85484,-75.19132598,53.94536076,96
85500,-76.18427002,53.93430724,96
85551,-77.68867002,53.93440724,96
85554,-76.85727002,53.93060724,96
85556,-77.56957002,53.94700724,96
85565,-77.33507002,53.93250724,96
85568,-76.12487002,53.93510724,96
85581,-77.84587002,53.93960724,96
85582,-75.91337002,53.93160724,96
85603,-76.91467002,53.96230724,96
85615,-75.99217002,53.92390724,96
85619,-77.26977002,53.90720724,96
85668,-75.86717002,53.90100724,96
85703,-76.96727002,53.90130724,96
85709,-77.18277002,53.89570724,96
85731,-77.68127002,53.89810724,96
85734,-76.19547002,53.89740724,96
85737,-75.80497002,53.88510724,96
85768,-75.85117002,53.87200724,96
85776,-76.12227002,53.86280724,96
85877,-77.15727002,53.85770724,96
85881,-77.59117002,53.86550724,96
85887,-77.49307002,53.86250724,96
85917,-76.16937002,53.84530724,96
85931,-74.47302598,53.84846076,96
85958,-77.90367002,53.83240724,96
85962,-77.21437002,53.84300724,96
85974,-76.22677002,53.83010724,96
86075,-76.47197002,53.80720724,96
86094,-74.43042598,53.80076076,96
86159,-76.43307002,53.79330724,96
86180,-75.90487002,53.78940724,96
86232,-74.59682598,53.77616076,96
86243,-76.49127002,53.77170724,96
86280,-74.70522598,53.76576076,96
86386,-74.66402598,53.74176076,96
86391,-74.43562598,53.73276076,96
86502,-74.79682598,53.70976076,96
86503,-74.45972598,53.70636076,96
86540,-74.41182598,53.69216076,96
86565,-74.47342598,53.68266076,96
86601,-77.96217002,53.67590724,96
86624,-75.79397002,53.66900724,96
86685,-77.69577002,53.66520724,96
86735,-77.82047002,53.65180724,96
86877,-75.03242598,53.62166076,96
86911,-75.26122598,53.60036076,96
86913,-74.56632598,53.61116076,96
86922,-75.39227002,53.61930724,96
86958,-75.34177002,53.59950724,96
86966,-74.48282598,53.59146076,96
86985,-74.67902598,53.59296076,96
87021,-77.55447002,53.59820724,96
87022,-75.16112598,53.59506076,96
87107,-77.97537002,53.56150724,96
87145,-75.36707002,53.54190724,96
87185,-74.85672598,53.54996076,96
87205,-77.78967002,53.55070724,96
87225,-74.41302598,53.52846076,96
87228,-76.15297002,53.54080724,96
87287,-77.44317002,53.53630724,96
87289,-74.70222598,53.52256076,96
87322,-77.70437002,53.51970724,96
87332,-75.36087002,53.51650724,96
87352,-74.87932598,53.50646076,96
87357,-74.69282598,53.50766076,96
87405,-77.30127002,53.48250724,96
87419,-75.46797002,53.49460724,96
87423,-77.71667002,53.49710724,96
87450,-76.50207002,53.49060724,96
87451,-74.87602598,53.49126076,96
87488,-75.01312598,53.47896076,96
87502,-77.03127002,53.47280724,96
87515,-75.45527002,53.47130724,96
87523,-75.37467002,53.46890724,96
87569,-77.16657002,53.45600724,96
87585,-76.86047002,53.44400724,96
87586,-75.34767002,53.46200724,96
87596,-76.36807002,53.45030724,96
87602,-76.47287002,53.44990724,96
87610,-75.32687002,53.44830724,96
87615,-76.91737002,53.43730724,96
87657,-77.50857002,53.43960724,96
87663,-77.13957002,53.43820724,96
87671,-74.61512598,53.43666076,96
87684,-77.43067002,53.46150724,96
87711,-75.22572598,53.43966076,96
87713,-77.61747002,53.43250724,96
87718,-75.81667002,53.42650724,96
87730,-77.46977002,53.43050724,96
87741,-76.85347002,53.41620724,96
87745,-74.89492598,53.41546076,96
87774,-77.72707002,53.44100724,96
87775,-77.16167002,53.43070724,96
87802,-77.49027002,53.41190724,96
87845,-74.67892598,53.39316076,96
87858,-77.54757002,53.40610724,96
87870,-74.44692598,53.40546076,96
87890,-74.61052598,53.40876076,96
87902,-75.34027002,53.39830724,96
87911,-75.89997002,53.35350724,96
87924,-77.05507002,53.38970724,96
87929,-75.16882598,53.39816076,96
87941,-77.66547002,53.38520724,96
87949,-77.79287002,53.38190724,96
87981,-77.44037002,53.36370724,96
87989,-77.37827002,53.37790724,96
87993,-77.50207002,53.37810724,96
87994,-77.00107002,53.36890724,96
88005,-77.35047002,53.36270724,96
88035,-76.28807002,53.36060724,96
88050,-76.91447002,53.36300724,96
88059,-74.46662598,53.35216076,96
88068,-77.64087002,53.36120724,96
88074,-76.18377002,53.35680724,96
88095,-76.07587002,53.36270724,96
88100,-75.43357002,53.35920724,96
88112,-76.48257002,53.35240724,96
88121,-76.96117002,53.35160724,96
88143,-76.11597002,53.32670724,96
88162,-77.61277002,53.35050724,96
88163,-77.40087002,53.33290724,96
88170,-77.55267002,53.33340724,96
88171,-75.48507002,53.34170724,96
88194,-76.37237002,53.34160724,96
88204,-74.52762598,53.32086076,96
88227,-77.47497002,53.32310724,96
88244,-76.63167002,53.32060724,96
88248,-75.50447002,53.32340724,96
88254,-76.93877002,53.32130724,96
88255,-76.44857002,53.32140724,96
88259,-77.65207002,53.31840724,96
88274,-75.68147002,53.28120724,96
88277,-77.08947002,53.32920724,96
88291,-74.83102598,53.31096076,96
88296,-76.87427002,53.31350724,96
88308,-77.17417002,53.31050724,96
88313,-77.71707002,53.30730724,96
88314,-74.92262598,53.31566076,96
88317,-76.11927002,53.30910724,96
88343,-75.45397002,53.30400724,96
88410,-77.83167002,53.28420724,96
88433,-75.88077002,53.27140724,96
88445,-76.94597002,53.28090724,96
88452,-76.17857002,53.27460724,96
88460,-74.66492598,53.28246076,96
88516,-75.46567002,53.27320724,96
88523,-77.83357002,53.26820724,96
88530,-75.45137002,53.25290724,96
88547,-76.56437002,53.24940724,96
88568,-74.49472598,53.25626076,96
88576,-75.44837002,53.23950724,96
88581,-76.44487002,53.24120724,96
88608,-74.51502598,53.24866076,96
88612,-75.08752598,53.22076076,96
88620,-75.32947002,53.23300724,96
88653,-74.68342598,53.22586076,96
88675,-75.47317002,53.21270724,96
88678,-76.27027002,53.22460724,96
88679,-75.55617002,53.21820724,96
88685,-77.22497002,53.22020724,96
88705,-76.07157002,53.23970724,96
88714,-77.60397002,53.22280724,96
88742,-75.88547002,53.20430724,96
88747,-76.24377002,53.20330724,96
88751,-76.11657002,53.20900724,96
88757,-77.75607002,53.19190724,96
88761,-75.36277002,53.21000724,96
88765,-77.53717002,53.19450724,96
88766,-75.64677002,53.19530724,96
88774,-74.99082598,53.19996076,96
88776,-76.31387002,53.19630724,96
88803,-75.10942598,53.18916076,96
88804,-74.89912598,53.18896076,96
88811,-75.48787002,53.18410724,96
88812,-77.44257002,53.18490724,96
88813,-76.04327002,53.19760724,96
88815,-76.25707002,53.18540724,96
88818,-75.02502598,53.18956076,96
88836,-75.76177002,53.18400724,96
88840,-76.27767002,53.16340724,96
88850,-75.39887002,53.19350724,96
88864,-75.05962598,53.17516076,96
88868,-75.17082598,53.17246076,96
88911,-77.03577002,53.16380724,96
88912,-75.62077002,53.16150724,96
88917,-77.56097002,53.16580724,96
88933,-75.45027002,53.16170724,96
88940,-75.92437002,53.16480724,96
88953,-74.70572598,53.15106076,96
88954,-74.60916505,53.1374605,96
88957,-76.80382762,53.14440432,96
88958,-75.73142762,53.14380432,96
88959,-75.65082762,53.14160432,96
88962,-74.64216505,53.1491605,96
88992,-77.12152762,53.13200432,96
88995,-76.78952762,53.13840432,96
89000,-74.90226505,53.1512605,96
89015,-77.37262762,53.13590432,96
89016,-75.61442762,53.13800432,96
89017,-75.68132762,53.10380432,96
89018,-74.42156505,53.1252605,96
89025,-77.89862762,53.13330432,96
89032,-76.01412762,53.14650432,96
89040,-75.41912762,53.14120432,96
89041,-74.86946505,53.1209605,96
89044,-75.29562762,53.13320432,96
89045,-74.92926505,53.1319605,96
89050,-74.52826505,53.1278605,96
89070,-77.42952762,53.11870432,96
89071,-76.29682762,53.11850432,96
89072,-74.81516505,53.1168605,96
89084,-77.19092762,53.10900432,96
89085,-76.63382762,53.10890432,96
89100,-77.29072762,53.11310432,96
89119,-77.66202762,53.10840432,96
89139,-74.80646505,53.0955605,96
89157,-76.56512762,53.10210432,96
89163,-75.51802762,53.10240432,96
89164,-74.91216505,53.0922605,96
89170,-77.75192762,53.09670432,96
89171,-76.48892762,53.09940432,96
89177,-77.94182762,53.09990432,96
89181,-76.09652762,53.10350432,96
89193,-74.49236505,53.0871605,96
89198,-75.04186505,53.0904605,96
89220,-75.23806505,53.0785605,96
89234,-75.50172762,53.08270432,96
89243,-76.80532762,53.09310432,96
89259,-75.41602762,53.06900432,96
89263,-77.54072762,53.08460432,96
89269,-76.72392762,53.07740432,96
89291,-76.08872762,53.07000432,96
89299,-76.73942762,53.06300432,96
89300,-75.49172762,53.06600432,96
89301,-74.85866505,53.0605605,96
89324,-77.34902762,53.05970432,96
89330,-76.47582762,53.06950432,96
89347,-75.22716505,53.0629605,96
89349,-76.66882762,53.05500432,96
89371,-75.86982762,53.04810432,96
89378,-75.11536505,53.0523605,96
89382,-77.73172762,53.04800432,96
89383,-76.18512762,53.04890432,96
89389,-76.22492762,53.05330432,96
89390,-74.62056505,53.0506605,96
89393,-76.53342762,53.04520432,96
89400,-76.44292762,53.04690432,96
89403,-76.36242762,53.04670432,96
89441,-74.99826505,53.0485605,96
89443,-76.66502762,53.03710432,96
89444,-75.54542762,53.04130432,96
89452,-76.09122762,53.03770432,96
797441,-76.44347002,55.35670724,96
797461,-75.05512598,55.35376076,96
797498,-75.60327002,55.35560724,96
797499,-75.49437002,55.35290724,96
797510,-76.22007002,55.35510724,96
797571,-75.10452598,55.35526076,96
797595,-75.99927002,55.35680724,96
797596,-75.30887002,55.35410724,96
797597,-75.00962598,55.35566076,96
797598,-74.93342598,55.35556076,96
797599,-74.88162598,55.35516076,96
797613,-76.43197002,55.34530724,96
797643,-76.23927002,55.35370724,96
797644,-75.57927002,55.35300724,96
797645,-75.33797002,55.35550724,96
797646,-74.85972598,55.35396076,96
797647,-74.66552598,55.35356076,96
797659,-76.19827002,55.35630724,96
797660,-75.80737002,55.35340724,96
797661,-75.61617002,55.35300724,96
797662,-74.80082598,55.35336076,96
797663,-74.72122598,55.35456076,96
797683,-77.51047002,55.35530724,96
797684,-75.90137002,55.35490724,96
797685,-74.73672598,55.35296076,96
797686,-74.45592598,55.35226076,96
797712,-75.91347002,55.35400724,96
797713,-75.77987002,55.35290724,96
797714,-75.62807002,55.35300724,96
797715,-75.02112598,55.35416076,96
797716,-74.70892598,55.35326076,96
797729,-76.26947002,55.35210724,96
797730,-75.92647002,55.35210724,96
797749,-76.51297002,55.34720724,96
797750,-76.11477002,55.35410724,96
797751,-75.73427002,55.35190724,96
797752,-75.17712598,55.35166076,96
797766,-77.54867002,55.34930724,96
797767,-74.97102598,55.35096076,96
797782,-76.02047002,55.35570724,96
797783,-75.59997002,55.35090724,96
797784,-75.55717002,55.35190724,96
797785,-75.19292598,55.34846076,96
797799,-76.45237002,55.35000724,96
797800,-75.84607002,55.35200724,96
797801,-75.15762598,55.34756076,96
797802,-74.66222598,55.34706076,96
797803,-74.63812598,55.34956076,96
797817,-75.89827002,55.34840724,96
797818,-74.81142598,55.35116076,96
797831,-76.48707002,55.34950724,96
797832,-75.96007002,55.35150724,96
797843,-76.40797002,55.34900724,96
797844,-75.64317002,55.34940724,96
797845,-74.61342598,55.34736076,96
797877,-76.27087002,55.34820724,96
797888,-76.18717002,55.34270724,96
797889,-76.07987002,55.34990724,96
797890,-75.58137002,55.34520724,96
797904,-77.47207002,55.34720724,96
797905,-77.11477002,55.34790724,96
797906,-76.25537002,55.34810724,96
797907,-76.21107002,55.34640724,96
797908,-75.82827002,55.34630724,96
797909,-75.56147002,55.34670724,96
797910,-74.72972598,55.34606076,96
797911,-74.41372598,55.34556076,96
797935,-77.15527002,55.34550724,96
797936,-76.41377002,55.34480724,96
797937,-75.56957002,55.34500724,96
797938,-75.02762598,55.34476076,96
797958,-76.23657002,55.34600724,96
797966,-75.80927002,55.34780724,96
797977,-75.75527002,55.34660724,96
797978,-74.71142598,55.34466076,96
797994,-74.78482598,55.34356076,96
798010,-77.54307002,55.34160724,96
798011,-76.12867002,55.34630724,96
798012,-75.63347002,55.34690724,96
798013,-75.33427002,55.34220724,96
798014,-74.49032598,55.34356076,96
798026,-77.60997002,55.34190724,96
798027,-77.40647002,55.34300724,96
798058,-77.23537002,55.33900724,96
798059,-76.32507002,55.34070724,96
798060,-76.10687002,55.34720724,96
798061,-75.47777002,55.34360724,96
798062,-75.19152598,55.34376076,96
798063,-75.06172598,55.34366076,96
798064,-74.51122598,55.34246076,96
798100,-77.07247002,55.33860724,96
798101,-75.10952598,55.34076076,96
798102,-75.08132598,55.34086076,96
798125,-76.09817002,55.33930724,96
798126,-75.95687002,55.34200724,96
798127,-75.57547002,55.33900724,96
798128,-75.01022598,55.34006076,96
798129,-74.66232598,55.33986076,96
798148,-74.69002598,55.33896076,96
798163,-77.26347002,55.33850724,96
798164,-76.98467002,55.33480724,96
798165,-76.47387002,55.33730724,96
798166,-76.08757002,55.34130724,96
798167,-75.28337002,55.33750724,96
798168,-75.20612598,55.34086076,96
798169,-75.04862598,55.33856076,96
798170,-74.52942598,55.34016076,96
798184,-75.15882598,55.33796076,96
798185,-74.62632598,55.34086076,96
798186,-74.42112598,55.33606076,96
798205,-77.62497002,55.33410724,96
798206,-77.58977002,55.33450724,96
798207,-76.40327002,55.33830724,96
798208,-74.74682598,55.33766076,96
798224,-76.23627002,55.33820724,96
798225,-75.82097002,55.33760724,96
798226,-75.59327002,55.33760724,96
798227,-75.35247002,55.33630724,96
798236,-75.93127002,55.33720724,96
798248,-77.57227002,55.33680724,96
798249,-75.29717002,55.33180724,96
798263,-75.33027002,55.33570724,96
798264,-74.77322598,55.33336076,96
798283,-77.33597002,55.33370724,96
798284,-74.71262598,55.33546076,96
798296,-75.13742598,55.33486076,96
798297,-74.94262598,55.33416076,96
798312,-74.82832598,55.32966076,96
798313,-74.79472598,55.33486076,96
798314,-74.61982598,55.33316076,96
798315,-74.52182598,55.33476076,96
798330,-76.28107002,55.33220724,96
798331,-74.53832598,55.33326076,96
798353,-76.05687002,55.33490724,96
798384,-77.20157002,55.33170724,96
798385,-75.65017002,55.33150724,96
798400,-75.82087002,55.33130724,96
798424,-75.95587002,55.33070724,96
798442,-75.74797002,55.33010724,96
798443,-74.76812598,55.32926076,96
798444,-74.70462598,55.32586076,96
798461,-76.31497002,55.32940724,96
798462,-76.09587002,55.32730724,96
798463,-76.01987002,55.32930724,96
798464,-75.56617002,55.32900724,96
798465,-75.35767002,55.32790724,96
798466,-74.40022598,55.32926076,96
798476,-76.45467002,55.32840724,96
798477,-76.25957002,55.32550724,96
798478,-75.98487002,55.32520724,96
798479,-75.34587002,55.32740724,96
798495,-75.76657002,55.33090724,96
798496,-74.51672598,55.33036076,96
798529,-76.04987002,55.32610724,96
798530,-75.79467002,55.32810724,96
798531,-75.28687002,55.32730724,96
798532,-74.99442598,55.32446076,96
798544,-76.75467002,55.32810724,96
798545,-74.49682598,55.32796076,96
798562,-76.13577002,55.32840724,96
798563,-75.90097002,55.32620724,96
798564,-74.53242598,55.32786076,96
798586,-75.94017002,55.32650724,96
798587,-75.54947002,55.32900724,96
798588,-74.84792598,55.32646076,96
798624,-75.05212598,55.32606076,96
798640,-76.40937002,55.32490724,96
798641,-76.23737002,55.32710724,96
798655,-77.03697002,55.32560724,96
798656,-74.51242598,55.32436076,96
798657,-74.47302598,55.32436076,96
798670,-75.60917002,55.32430724,96
798682,-76.46527002,55.32260724,96
798694,-75.32607002,55.32220724,96
798701,-76.24657002,55.32020724,96
798702,-75.92377002,55.32290724,96
798703,-75.81107002,55.32280724,96
798704,-75.52927002,55.32320724,96
798728,-77.06097002,55.32200724,96
798729,-75.51167002,55.31980724,96
798730,-75.49607002,55.31820724,96
798744,-76.40637002,55.32270724,96
798745,-76.32537002,55.32270724,96
798758,-75.86977002,55.31580724,96
798771,-74.72292598,55.32206076,96
798783,-75.44397002,55.31940724,96
798784,-74.61902598,55.32006076,96
798785,-74.44402598,55.31926076,96
798800,-77.30007002,55.31760724,96
798801,-75.95567002,55.31640724,96
798802,-75.26162598,55.31856076,96
798814,-77.32087002,55.31300724,96
798815,-75.94437002,55.31830724,96
798816,-75.21862598,55.31786076,96
798817,-74.92822598,55.31386076,96
798833,-76.27307002,55.31710724,96
798834,-75.53317002,55.31660724,96
798835,-75.18492598,55.31226076,96
798854,-77.17987002,55.31520724,96
798855,-76.98787002,55.31860724,96
798856,-76.20507002,55.31820724,96
798857,-75.33977002,55.31520724,96
798858,-74.47832598,55.31856076,96
798877,-76.18087002,55.31920724,96
798892,-74.75382598,55.30746076,96
798907,-76.34067002,55.31570724,96
798908,-74.67742598,55.31736076,96
798926,-75.42477002,55.31010724,96
798944,-76.12487002,55.31570724,96
798945,-75.78847002,55.31520724,96
798979,-76.25997002,55.31350724,96
798980,-75.31307002,55.31240724,96
798994,-76.21477002,55.31300724,96
798995,-75.76807002,55.31310724,96
798996,-75.59617002,55.31020724,96
798997,-75.29057002,55.30850724,96
798998,-74.49872598,55.31246076,96
799013,-76.28007002,55.31210724,96
799014,-75.63657002,55.31360724,96
799030,-76.32717002,55.31610724,96
799031,-75.70897002,55.31120724,96
799041,-77.19667002,55.31350724,96
799042,-76.24307002,55.30700724,96
799043,-74.44402598,55.31176076,96
799059,-77.10977002,55.31130724,96
799068,-75.98627002,55.30940724,96
799096,-76.08327002,55.31110724,96
799097,-75.74037002,55.30970724,96
799098,-75.38637002,55.30910724,96
799126,-76.46727002,55.31040724,96
799127,-74.92612598,55.30936076,96
799128,-74.87792598,55.30936076,96
799129,-74.40902598,55.30956076,96
799147,-76.06077002,55.30830724,96
799148,-74.84132598,55.30856076,96
799166,-76.43147002,55.31050724,96
799167,-75.18242598,55.30716076,96
799180,-77.30167002,55.30810724,96
799181,-75.71147002,55.30600724,96
799182,-75.00562598,55.30866076,96
799197,-76.39867002,55.30560724,96
799216,-76.32177002,55.30330724,96
799217,-75.55227002,55.30700724,96
799228,-75.70117002,55.30640724,96
799237,-76.33347002,55.30140724,96
799238,-76.27377002,55.30560724,96
799239,-74.64522598,55.30616076,96
799258,-76.18037002,55.30440724,96
799259,-75.38707002,55.30210724,96
799260,-75.30907002,55.29730724,96
799286,-76.11307002,55.30340724,96
799315,-77.26067002,55.30680724,96
799316,-76.80147002,55.30460724,96
799317,-76.14027002,55.30470724,96
799318,-75.92377002,55.30690724,96
799319,-74.40282598,55.30456076,96
799325,-75.27112598,55.30236076,96
799340,-75.93777002,55.30260724,96
799341,-75.68397002,55.30190724,96
799357,-75.99677002,55.30220724,96
799378,-77.40937002,55.30170724,96
799379,-76.30907002,55.30040724,96
799380,-74.46872598,55.30186076,96
799391,-77.47377002,55.30340724,96
799392,-77.15917002,55.30100724,96
799393,-76.16507002,55.30190724,96
799394,-75.96177002,55.29630724,96
799395,-75.72637002,55.30110724,96
799396,-75.59567002,55.30130724,96
799397,-75.46127002,55.29870724,96
799415,-75.24162598,55.30046076,96
799416,-75.13652598,55.29026076,96
799417,-74.62312598,55.30196076,96
799435,-76.22017002,55.29470724,96
799436,-74.41372598,55.30086076,96
799449,-76.66847002,55.30120724,96
799450,-74.87062598,55.29876076,96
799492,-75.67477002,55.29810724,96
799512,-76.13937002,55.29860724,96
799513,-74.93782598,55.29656076,96
799535,-77.35257002,55.29820724,96
799536,-74.50022598,55.29706076,96
799554,-76.06697002,55.29730724,96
799563,-76.66167002,55.29630724,96
799564,-75.67867002,55.29580724,96
799565,-75.42737002,55.29530724,96
799566,-75.39087002,55.29480724,96
799567,-74.91812598,55.29366076,96
799582,-75.63967002,55.29680724,96
799583,-75.56507002,55.29470724,96
799595,-75.78927002,55.29880724,96
799613,-76.37207002,55.29940724,96
799614,-76.32747002,55.29130724,96
799615,-76.24187002,55.29110724,96
799616,-76.19037002,55.29500724,96
799617,-75.97887002,55.29390724,96
799618,-75.21862598,55.29626076,96
799654,-76.77737002,55.29380724,96
799655,-76.38567002,55.29390724,96
799656,-75.90427002,55.29150724,96
799657,-74.80122598,55.29866076,96
799669,-76.67707002,55.29400724,96
799670,-76.41387002,55.29400724,96
799671,-74.90582598,55.28986076,96
799684,-75.55447002,55.29090724,96
799704,-76.12307002,55.28870724,96
799705,-76.04697002,55.28300724,96
799706,-75.96387002,55.29110724,96
799723,-75.76627002,55.28990724,96
799724,-75.42137002,55.29030724,96
799740,-75.81317002,55.29240724,96
799755,-76.17547002,55.29140724,96
799767,-76.77347002,55.29010724,96
799768,-75.09442598,55.28996076,96
799769,-74.83012598,55.29076076,96
799770,-74.43112598,55.29606076,96
799778,-75.33817002,55.29200724,96
799779,-75.07652598,55.28196076,96
799794,-75.38767002,55.28210724,96
799816,-76.23257002,55.29190724,96
799817,-76.11057002,55.28140724,96
799831,-75.12842598,55.28916076,96
799843,-75.16272598,55.28776076,96
799844,-74.90112598,55.28526076,96
799845,-74.81082598,55.28656076,96
799866,-77.37727002,55.28720724,96
799881,-76.10447002,55.28620724,96
799882,-75.47827002,55.28590724,96
799883,-75.13792598,55.28346076,96
799897,-74.93712598,55.28486076,96
799918,-77.13457002,55.28740724,96
799919,-76.98127002,55.28480724,96
799920,-76.47407002,55.28260724,96
799921,-76.08817002,55.28840724,96
799922,-75.62207002,55.28610724,96
799923,-75.04082598,55.28906076,96
799945,-75.74337002,55.28350724,96
799946,-75.67867002,55.28350724,96
799965,-75.22892598,55.28316076,96
799976,-76.20717002,55.28600724,96
799990,-77.39697002,55.28300724,96
799991,-75.82097002,55.28420724,96
799992,-75.01052598,55.28536076,96
799993,-74.49182598,55.28326076,96
800007,-74.95892598,55.28306076,96
800008,-74.77742598,55.28286076,96
800016,-75.80287002,55.28180724,96
800017,-75.30237002,55.28210724,96
800018,-75.24172598,55.28426076,96
800019,-75.19552598,55.28236076,96
800020,-74.42362598,55.28116076,96
800036,-76.18517002,55.28020724,96
800048,-76.40627002,55.28000724,96
800049,-76.20797002,55.28020724,96
800066,-74.93822598,55.28066076,96
800083,-75.73847002,55.27950724,96
800084,-75.47237002,55.27840724,96
800089,-75.33597002,55.27900724,96
800100,-75.96877002,55.27980724,96
800101,-74.55502598,55.28206076,96
800112,-75.61497002,55.27900724,96
800125,-74.43352598,55.27516076,96
800144,-75.28617002,55.28120724,96
800151,-75.08762598,55.27676076,96
800152,-74.77212598,55.27546076,96
800177,-76.95987002,55.27610724,96
800178,-76.09667002,55.26620724,96
800179,-75.70457002,55.26800724,96
800190,-77.22277002,55.27520724,96
800191,-76.38057002,55.27570724,96
800206,-76.70987002,55.27200724,96
800207,-75.83397002,55.27440724,96
800208,-74.63552598,55.27566076,96
800230,-75.54347002,55.27400724,96
800248,-76.14137002,55.27430724,96
800249,-75.64197002,55.27340724,96
800250,-74.99032598,55.27526076,96
800264,-76.39047002,55.27060724,96
800265,-74.71542598,55.27316076,96
800281,-76.76137002,55.27210724,96
800293,-75.60767002,55.27170724,96
800315,-76.58267002,55.27010724,96
800316,-76.20407002,55.26950724,96
800317,-76.04227002,55.26940724,96
800318,-75.18902598,55.27076076,96
800319,-74.74892598,55.27046076,96
800350,-75.77917002,55.26950724,96
800351,-75.13532598,55.27146076,96
800367,-76.28017002,55.27150724,96
800368,-75.45357002,55.27120724,96
800369,-75.39887002,55.26740724,96
800387,-77.18807002,55.27630724,96
800397,-74.86062598,55.26836076,96
800413,-76.78227002,55.26820724,96
800452,-76.45527002,55.27450724,96
800453,-76.05547002,55.26640724,96
800454,-75.82867002,55.26540724,96
800455,-74.68652598,55.26686076,96
800482,-75.75647002,55.27110724,96
800483,-75.30227002,55.26710724,96
800484,-75.22742598,55.26746076,96
800502,-77.22907002,55.26700724,96
800503,-77.15457002,55.26530724,96
800504,-75.48617002,55.26290724,96
800505,-75.14992598,55.26416076,96
800523,-77.21517002,55.26490724,96
800524,-76.32027002,55.26550724,96
800525,-75.02592598,55.26596076,96
800537,-77.08417002,55.26720724,96
800538,-76.00457002,55.26650724,96
800539,-75.58997002,55.26490724,96
800553,-74.62562598,55.26416076,96
800583,-76.41997002,55.26280724,96
800597,-74.83412598,55.26296076,96
800614,-76.22457002,55.26460724,96
800629,-76.08517002,55.26230724,96
800630,-75.43557002,55.26230724,96
800645,-74.80802598,55.26196076,96
800662,-75.25232598,55.25856076,96
800663,-74.76352598,55.26096076,96
800680,-74.44332598,55.26026076,96
800698,-75.90347002,55.25890724,96
800732,-75.37517002,55.25850724,96
800733,-74.85232598,55.25746076,96
800734,-74.64422598,55.25766076,96
800744,-76.22007002,55.25790724,96
800745,-76.06597002,55.25860724,96
800746,-75.30687002,55.25910724,96
800747,-74.91602598,55.27006076,96
800755,-76.19297002,55.25930724,96
800756,-75.88597002,55.25810724,96
800757,-74.92872598,55.26096076,96
800774,-77.21657002,55.25700724,96
800775,-76.75907002,55.25840724,96
800776,-74.74892598,55.25396076,96
800777,-74.49962598,55.25796076,96
800812,-75.93437002,55.25240724,96
800826,-77.67127002,55.25570724,96
800827,-77.16847002,55.25560724,96
800844,-75.51107002,55.25340724,96
800860,-75.81107002,55.24750724,96
800861,-75.66387002,55.25450724,96
800873,-76.43727002,55.25320724,96
800874,-75.96017002,55.25460724,96
800875,-75.21852598,55.25026076,96
800886,-76.06557002,55.25370724,96
800887,-75.03202598,55.25526076,96
800888,-74.47042598,55.25516076,96
800922,-76.25707002,55.25070724,96
800923,-76.18967002,55.25390724,96
800924,-76.14077002,55.25250724,96
800925,-75.91827002,55.25400724,96
800926,-74.54052598,55.24876076,96
800938,-76.39507002,55.25160724,96
800939,-75.83977002,55.25170724,96
800968,-77.64517002,55.24700724,96
800969,-75.99867002,55.24990724,96
800987,-75.71757002,55.24900724,96
800996,-77.11407002,55.24900724,96
800997,-76.00217002,55.24770724,96
800998,-75.88797002,55.25220724,96
800999,-75.39017002,55.25180724,96
801031,-77.17277002,55.24880724,96
801032,-74.68922598,55.24916076,96
801048,-75.94797002,55.24880724,96
801066,-76.30757002,55.24840724,96
801067,-74.75012598,55.24726076,96
801104,-75.80087002,55.24600724,96
801123,-76.23217002,55.24670724,96
801138,-75.87147002,55.24700724,96
801153,-77.66267002,55.24510724,96
801154,-77.08667002,55.24590724,96
801155,-74.71462598,55.24766076,96
801171,-77.12877002,55.24420724,96
801172,-76.20627002,55.24500724,96
801173,-75.52727002,55.24560724,96
801207,-74.50332598,55.24106076,96
801244,-76.93737002,55.24250724,96
801245,-76.42277002,55.24050724,96
801246,-76.21097002,55.24280724,96
801247,-76.01077002,55.24270724,96
801248,-74.82592598,55.24616076,96
801268,-77.17967002,55.24190724,96
801286,-75.77517002,55.24190724,96
801287,-74.90362598,55.24256076,96
801301,-74.63932598,55.24376076,96
801315,-76.34947002,55.24340724,96
801316,-76.03517002,55.24090724,96
801317,-75.39077002,55.24450724,96
801318,-75.07962598,55.23686076,96
801335,-75.19112598,55.24046076,96
801336,-74.53112598,55.24016076,96
801355,-77.13937002,55.23980724,96
801356,-76.32607002,55.24120724,96
801357,-76.28747002,55.23990724,96
801358,-76.17217002,55.24020724,96
801359,-74.87532598,55.24106076,96
801375,-75.86317002,55.23950724,96
801376,-75.60067002,55.23970724,96
801395,-77.61667002,55.23970724,96
801396,-75.88217002,55.23880724,96
801397,-75.74187002,55.23400724,96
801398,-74.81392598,55.23816076,96
801399,-74.71722598,55.24176076,96
801411,-75.33297002,55.23640724,96
801412,-75.16772598,55.23926076,96
801413,-75.14752598,55.23746076,96
801429,-75.99557002,55.23780724,96
801430,-75.30857002,55.23620724,96
801441,-76.12027002,55.24150724,96
801442,-75.54517002,55.24100724,96
801443,-74.88472598,55.23826076,96
801454,-76.36507002,55.23740724,96
801455,-76.08867002,55.23790724,96
801456,-74.90372598,55.23686076,96
801470,-74.67652598,55.23816076,96
801482,-75.85907002,55.23440724,96
801483,-74.43932598,55.23606076,96
801503,-76.13297002,55.23490724,96
801504,-75.26302598,55.23606076,96
801518,-75.77227002,55.23490724,96
801519,-75.31647002,55.23430724,96
801520,-75.29227002,55.23510724,96
801521,-74.91872598,55.23316076,96
801522,-74.86112598,55.23476076,96
801539,-77.14847002,55.23430724,96
801565,-75.65557002,55.23060724,96
801566,-75.11152598,55.23266076,96
801577,-75.59587002,55.23320724,96
801578,-75.54667002,55.23350724,96
801579,-75.45847002,55.23340724,96
801580,-75.33337002,55.23050724,96
801581,-75.23642598,55.23346076,96
801582,-74.48122598,55.23426076,96
801593,-74.76942598,55.23296076,96
801602,-77.13757002,55.23290724,96
801603,-76.29237002,55.23170724,96
801604,-76.02387002,55.23200724,96
801605,-75.93977002,55.23150724,96
801606,-75.90427002,55.23030724,96
801620,-76.34277002,55.23260724,96
801621,-75.92657002,55.23350724,96
801622,-74.82862598,55.23216076,96
801637,-76.38107002,55.23280724,96
801638,-75.05182598,55.23076076,96
801655,-75.80737002,55.22610724,96
801656,-75.40777002,55.23060724,96
801657,-75.10752598,55.22716076,96
801676,-76.73747002,55.22760724,96
801677,-74.71262598,55.22996076,96
801692,-74.84192598,55.23086076,96
801711,-76.26077002,55.22870724,96
801712,-74.75322598,55.22486076,96
801722,-76.12427002,55.22870724,96
801723,-74.71982598,55.22626076,96
801741,-75.69087002,55.22570724,96
801742,-75.25792598,55.23086076,96
801743,-74.54682598,55.22816076,96
801766,-75.86527002,55.22690724,96
801767,-75.60277002,55.22770724,96
801768,-75.31677002,55.22790724,96
801769,-75.27282598,55.22686076,96
801770,-74.90012598,55.22936076,96
801771,-74.69752598,55.22826076,96
801772,-74.49522598,55.22786076,96
801787,-77.63537002,55.22900724,96
801788,-76.13707002,55.22770724,96
801789,-75.35657002,55.23110724,96
801801,-75.21712598,55.22666076,96
801820,-75.32847002,55.22330724,96
801821,-75.01122598,55.21706076,96
801843,-76.34417002,55.22490724,96
801844,-76.09597002,55.22540724,96
801845,-75.39117002,55.22680724,96
801859,-74.52492598,55.22736076,96
801870,-76.54317002,55.22460724,96
801871,-75.83007002,55.22860724,96
801885,-76.21587002,55.22830724,96
801886,-76.20427002,55.22400724,96
801887,-75.28847002,55.22630724,96
801898,-77.57797002,55.22320724,96
801899,-77.20457002,55.22550724,96
801900,-75.89417002,55.22360724,96
801901,-75.20852598,55.22896076,96
801902,-74.53662598,55.22156076,96
801922,-77.61617002,55.22260724,96
801923,-77.56617002,55.22190724,96
801924,-75.90577002,55.22230724,96
801925,-75.55677002,55.22730724,96
801940,-74.90082598,55.22216076,96
801955,-76.32167002,55.22260724,96
801969,-75.92487002,55.22040724,96
801970,-75.75507002,55.21720724,96
801971,-75.67217002,55.22110724,96
801972,-75.31397002,55.22170724,96
801973,-74.57612598,55.22176076,96
801992,-77.49567002,55.22040724,96
801993,-76.09077002,55.22040724,96
801994,-75.27182598,55.22036076,96
802010,-76.21587002,55.22170724,96
802011,-75.84507002,55.22190724,96
802012,-75.56787002,55.22110724,96
802027,-76.72277002,55.22150724,96
802028,-75.54077002,55.22080724,96
802029,-74.66582598,55.22376076,96
802042,-77.18057002,55.22040724,96
802043,-75.73387002,55.22090724,96
802061,-76.71667002,55.21830724,96
802062,-76.06597002,55.21930724,96
802063,-75.07462598,55.21946076,96
802064,-74.72742598,55.21986076,96
802065,-74.71702598,55.21906076,96
802083,-77.50987002,55.21720724,96
802084,-75.93167002,55.21600724,96
802085,-75.72337002,55.21790724,96
802086,-75.25392598,55.21956076,96
802104,-77.82757002,55.21840724,96
802120,-74.49782598,55.21576076,96
802133,-75.64927002,55.21770724,96
802134,-75.43157002,55.21850724,96
802135,-75.40097002,55.21560724,96
802136,-75.26692598,55.21536076,96
802152,-76.33647002,55.21540724,96
802153,-75.98077002,55.21530724,96
802169,-77.15387002,55.21690724,96
802181,-74.92202598,55.21636076,96
802191,-75.57647002,55.22130724,96
802213,-75.86207002,55.21400724,96
802226,-76.73847002,55.20880724,96
802227,-75.68957002,55.21550724,96
802228,-75.32837002,55.21430724,96
802246,-76.31157002,55.21360724,96
802274,-77.53017002,55.21330724,96
802275,-76.00277002,55.21280724,96
802276,-75.48357002,55.21560724,96
802277,-75.41407002,55.21340724,96
802278,-75.38517002,55.21080724,96
802279,-75.13932598,55.21376076,96
802307,-75.15372598,55.21526076,96
802322,-76.99487002,55.21190724,96
802323,-75.28657002,55.21450724,96
802344,-76.14597002,55.21030724,96
802345,-74.84282598,55.20116076,96
802346,-74.54252598,55.21086076,96
802347,-74.53362598,55.21066076,96
802362,-75.94657002,55.21080724,96
802363,-75.59847002,55.20980724,96
802378,-76.70147002,55.20950724,96
802379,-75.30767002,55.20710724,96
802418,-75.91687002,55.20960724,96
802419,-75.18672598,55.20956076,96
802431,-76.08237002,55.21030724,96
802447,-77.44667002,55.20780724,96
802496,-75.76167002,55.20450724,96
802512,-77.72587002,55.20360724,96
802513,-77.52337002,55.20550724,96
802514,-76.94677002,55.20570724,96
802515,-75.01012598,55.20746076,96
802541,-75.72327002,55.20380724,96
802542,-75.63257002,55.20440724,96
802543,-74.65252598,55.20346076,96
802563,-75.34167002,55.20580724,96
802564,-75.17772598,55.20326076,96
802565,-75.14992598,55.20516076,96
802566,-75.13952598,55.20396076,96
802567,-74.68002598,55.19856076,96
802576,-77.87047002,55.20520724,96
802577,-75.87817002,55.20450724,96
802578,-75.84407002,55.20550724,96
802579,-74.62842598,55.20286076,96
802580,-74.59392598,55.20486076,96
802591,-75.57227002,55.20610724,96
802592,-75.38027002,55.20330724,96
802616,-75.94277002,55.20440724,96
802633,-75.36257002,55.20240724,96
802656,-76.23707002,55.20080724,96
802657,-75.61277002,55.20220724,96
802676,-75.73827002,55.20050724,96
802677,-75.28927002,55.20080724,96
802678,-74.59962598,55.19846076,96
802689,-76.95907002,55.20230724,96
802690,-76.09417002,55.19900724,96
802714,-74.80882598,55.20046076,96
802725,-77.81627002,55.20160724,96
802726,-75.84877002,55.20080724,96
802756,-76.00747002,55.20210724,96
802783,-75.30407002,55.19820724,96
802784,-74.43852598,55.19936076,96
802799,-76.93777002,55.19830724,96
802800,-74.72522598,55.19026076,96
802817,-75.31607002,55.19880724,96
802818,-75.12252598,55.19656076,96
802846,-75.83587002,55.19670724,96
802856,-76.18467002,55.19680724,96
802867,-77.22327002,55.19610724,96
802868,-76.16567002,55.19580724,96
802869,-75.06242598,55.19436076,96
802878,-77.29417002,55.19800724,96
802879,-76.23077002,55.19640724,96
802880,-75.79217002,55.19960724,96
802881,-74.63282598,55.19526076,96
802889,-77.46527002,55.19310724,96
802890,-76.72007002,55.19680724,96
802891,-75.71507002,55.19310724,96
802892,-75.55547002,55.19810724,96
802920,-76.01107002,55.19390724,96
802933,-74.80062598,55.19586076,96
802934,-74.66872598,55.19166076,96
802950,-74.68062598,55.18986076,96
802965,-75.88017002,55.19230724,96
802973,-76.15117002,55.18970724,96
802988,-75.27807002,55.19090724,96
803001,-76.68927002,55.19260724,96
803002,-76.67607002,55.18860724,96
803003,-75.37677002,55.19350724,96
803004,-75.05292598,55.19186076,96
803019,-76.03217002,55.19100724,96
803020,-74.81282598,55.18956076,96
803021,-74.58472598,55.19046076,96
803022,-74.51752598,55.18876076,96
803040,-77.53307002,55.18970724,96
803041,-74.63232598,55.18936076,96
803078,-74.66382598,55.18826076,96
803100,-77.61507002,55.18880724,96
803101,-75.56537002,55.18560724,96
803115,-75.30847002,55.18820724,96
803116,-74.96012598,55.18816076,96
803117,-74.90172598,55.19116076,96
803131,-75.54807002,55.18850724,96
803155,-76.65987002,55.18610724,96
803156,-75.50567002,55.18600724,96
803173,-74.77602598,55.18336076,96
803194,-76.11397002,55.18430724,96
803195,-75.67347002,55.18450724,96
803196,-74.55772598,55.18366076,96
803212,-75.71847002,55.18080724,96
803231,-74.98062598,55.18336076,96
803244,-74.84312598,55.19086076,96
803245,-74.53612598,55.18406076,96
803257,-75.77227002,55.18270724,96
803258,-75.74407002,55.17970724,96
803259,-75.52277002,55.18220724,96
803260,-74.92532598,55.18326076,96
803261,-74.74762598,55.18206076,96
803276,-77.29617002,55.18440724,96
803277,-75.75857002,55.18270724,96
803295,-75.58937002,55.18200724,96
803296,-75.53827002,55.18230724,96
803317,-76.00087002,55.18040724,96
803346,-76.28947002,55.17800724,96
803347,-74.79582598,55.17896076,96
803361,-75.21862598,55.17916076,96
803376,-75.22792598,55.17966076,96
803388,-77.57897002,55.17860724,96
803389,-77.06857002,55.17990724,96
803390,-75.66827002,55.17980724,96
803391,-75.41937002,55.17880724,96
803419,-76.18857002,55.17840724,96
803420,-75.48847002,55.17780724,96
803421,-75.10672598,55.18176076,96
803440,-77.45417002,55.17650724,96
803458,-77.89307002,55.17760724,96
803459,-77.71317002,55.17660724,96
803460,-75.87537002,55.17700724,96
803461,-75.83377002,55.17690724,96
803479,-75.55027002,55.17590724,96
803480,-75.14352598,55.17556076,96
803481,-74.88142598,55.17886076,96
803510,-75.69687002,55.17270724,96
803524,-76.12257002,55.17620724,96
803525,-75.47507002,55.17360724,96
803526,-74.93772598,55.17526076,96
803534,-77.10577002,55.17190724,96
803545,-76.41707002,55.17070724,96
803546,-75.17512598,55.17396076,96
803559,-75.58667002,55.17430724,96
803576,-76.68707002,55.17330724,96
803610,-75.35857002,55.17060724,96
803611,-75.33167002,55.17120724,96
803612,-74.74242598,55.17196076,96
803625,-77.70057002,55.16980724,96
803626,-76.73607002,55.17030724,96
803636,-77.67597002,55.17010724,96
803655,-76.15167002,55.17150724,96
803656,-75.78867002,55.17430724,96
803657,-74.87202598,55.17286076,96
803658,-74.76542598,55.17316076,96
803670,-77.89997002,55.16980724,96
803671,-76.10577002,55.16780724,96
803672,-75.61937002,55.17070724,96
803673,-75.11692598,55.17256076,96
803674,-74.52642598,55.17176076,96
803695,-77.91747002,55.16950724,96
803696,-77.13977002,55.17020724,96
803697,-76.89847002,55.16740724,96
803711,-75.02982598,55.17606076,96
803730,-77.02027002,55.16770724,96
803731,-76.20367002,55.16960724,96
803732,-75.72957002,55.16210724,96
803763,-75.78307002,55.16610724,96
803764,-75.18072598,55.16866076,96
803781,-75.89117002,55.16560724,96
803782,-75.87327002,55.16620724,96
803783,-75.19832598,55.16696076,96
803793,-76.86547002,55.16360724,96
803807,-76.16247002,55.16640724,96
803808,-75.54817002,55.16820724,96
803809,-74.87152598,55.16246076,96
803810,-74.85422598,55.16146076,96
803811,-74.64492598,55.16686076,96
803827,-76.72047002,55.16630724,96
803828,-76.24737002,55.16970724,96
803829,-75.22912598,55.16666076,96
803830,-74.55052598,55.16646076,96
803847,-74.74412598,55.16446076,96
803868,-76.23277002,55.16700724,96
803884,-77.85467002,55.16410724,96
803885,-77.68797002,55.16430724,96
803886,-77.01117002,55.16180724,96
803887,-76.36207002,55.16240724,96
803888,-75.60757002,55.16460724,96
803889,-75.16092598,55.16556076,96
803908,-76.63787002,55.16310724,96
803927,-74.79012598,55.16456076,96
803928,-74.57012598,55.16426076,96
803941,-74.54422598,55.16016076,96
803953,-77.50167002,55.16330724,96
803954,-76.04187002,55.16290724,96
803955,-75.28517002,55.16100724,96
803956,-74.64642598,55.16186076,96
803965,-76.07757002,55.16350724,96
803966,-75.84267002,55.16190724,96
803967,-75.08132598,55.16116076,96
803980,-77.59427002,55.16130724,96
803981,-76.84747002,55.16130724,96
803982,-75.67107002,55.16150724,96
804012,-77.72647002,55.16040724,96
804013,-76.08327002,55.15990724,96
804014,-75.54187002,55.16180724,96
804029,-75.05092598,55.15866076,96
804049,-77.98637002,55.15710724,96
804050,-77.69537002,55.15920724,96
804051,-76.16197002,55.15760724,96
804076,-75.71127002,55.15800724,96
804077,-74.95652598,55.15726076,96
804078,-74.59462598,55.15446076,96
804091,-76.19857002,55.15960724,96
804092,-75.88277002,55.15890724,96
804104,-76.60337002,55.15860724,96
804105,-74.44232598,55.15876076,96
804121,-75.68057002,55.15690724,96
804122,-75.58897002,55.15780724,96
804123,-75.43347002,55.15690724,96
804139,-76.25107002,55.15860724,96
804140,-74.81532598,55.15776076,96
804161,-75.16692598,55.15706076,96
804183,-75.81957002,55.15410724,96
804184,-75.72677002,55.15480724,96
804185,-74.65732598,55.15536076,96
804204,-76.82847002,55.15890724,96
804205,-76.09497002,55.15700724,96
804218,-77.45527002,55.15470724,96
804219,-76.22117002,55.15390724,96
804220,-75.00892598,55.15226076,96
804221,-74.90182598,55.15276076,96
804231,-77.72187002,55.15430724,96
804232,-76.86767002,55.15230724,96
804233,-76.83147002,55.15360724,96
804249,-77.50137002,55.15380724,96
804250,-76.39417002,55.15620724,96
804251,-75.27242598,55.15686076,96
804267,-77.71277002,55.15390724,96
804279,-77.48867002,55.15300724,96
804280,-76.20207002,55.15080724,96
804281,-75.35907002,55.15900724,96
804299,-75.73937002,55.15310724,96
804300,-74.62272598,55.15266076,96
804340,-76.33617002,55.15070724,96
804341,-75.31547002,55.15250724,96
804357,-76.28087002,55.15190724,96
804358,-76.23807002,55.14680724,96
804359,-75.87397002,55.14530724,96
804360,-75.83317002,55.14680724,96
804361,-75.71737002,55.14920724,96
804362,-75.67617002,55.15070724,96
804381,-76.06187002,55.15120724,96
804382,-74.89342598,55.14926076,96
804394,-77.54827002,55.14890724,96
804395,-77.12107002,55.15090724,96
804396,-75.24952598,55.15206076,96
804408,-76.52697002,55.14930724,96
804409,-74.51772598,55.14746076,96
804429,-76.40937002,55.14890724,96
804430,-76.39617002,55.15030724,96
804445,-74.68812598,55.14746076,96
804463,-77.85507002,55.14350724,96
804464,-74.45982598,55.14766076,96
804480,-75.81707002,55.14670724,96
804481,-75.74187002,55.14680724,96
804482,-75.64077002,55.15060724,96
804483,-74.49772598,55.14686076,96
804500,-77.98467002,55.14520724,96
804501,-77.92127002,55.14340724,96
804502,-77.51967002,55.14200724,96
804503,-75.78177002,55.14770724,96
804504,-75.73197002,55.14190724,96
804505,-75.71857002,55.13870724,96
804506,-74.71952598,55.14776076,96
804527,-77.66847002,55.14570724,96
804528,-76.16727002,55.14390724,96
804541,-77.60507002,55.14520724,96
804554,-77.68897002,55.14870724,96
804555,-76.38507002,55.14620724,96
804556,-76.14757002,55.14660724,96
804557,-75.91717002,55.14650724,96
804558,-75.16112598,55.14586076,96
804559,-74.58852598,55.14566076,96
804577,-77.99647002,55.14660724,96
804578,-77.89447002,55.14340724,96
804579,-76.84247002,55.14580724,96
804580,-76.01807002,55.14310724,96
804581,-75.35927002,55.14580724,96
804582,-74.66762598,55.14506076,96
804601,-75.89137002,55.14390724,96
804602,-75.31737002,55.14500724,96
804619,-75.53767002,55.14400724,96
804620,-75.20392598,55.14376076,96
804621,-74.65802598,55.14406076,96
804640,-76.86737002,55.14250724,96
804641,-74.60712598,55.14096076,96
804658,-75.99667002,55.14560724,96
804673,-75.79387002,55.13960724,96
804674,-75.77577002,55.14090724,96
804675,-74.53602598,55.14166076,96
804686,-77.54277002,55.13960724,96
804695,-76.27207002,55.14060724,96
804696,-74.69092598,55.14226076,96
804711,-77.82297002,55.14090724,96
804712,-76.35367002,55.14050724,96
804713,-75.25232598,55.14126076,96
804729,-76.19517002,55.14000724,96
804730,-76.14937002,55.14050724,96
804731,-75.87747002,55.13940724,96
804732,-75.83767002,55.14050724,96
804733,-74.44202598,55.14186076,96
804734,-74.42082598,55.14046076,96
804757,-77.70907002,55.14050724,96
804758,-76.57967002,55.13970724,96
804759,-75.76117002,55.13990724,96
804760,-75.65967002,55.14320724,96
804761,-75.29907002,55.13950724,96
804791,-75.74477002,55.13850724,96
804792,-74.70782598,55.14156076,96
804824,-75.69137002,55.13700724,96
804843,-75.58187002,55.13910724,96
804854,-76.12557002,55.13690724,96
804855,-75.51397002,55.13830724,96
804867,-76.36777002,55.14120724,96
804868,-74.74452598,55.13716076,96
804869,-74.63052598,55.14136076,96
804910,-76.86097002,55.13530724,96
804911,-74.57452598,55.13976076,96
804924,-77.47607002,55.13530724,96
804925,-74.68972598,55.13676076,96
804940,-75.94577002,55.13440724,96
804969,-77.96997002,55.13280724,96
804970,-75.77647002,55.13010724,96
804971,-75.47487002,55.13260724,96
804982,-76.28047002,55.13230724,96
804993,-75.23752598,55.13396076,96
805009,-77.31847002,55.13300724,96
805022,-77.87797002,55.13190724,96
805023,-77.65347002,55.12610724,96
805024,-75.09812598,55.12906076,96
805025,-74.66752598,55.13096076,96
805034,-75.96137002,55.13240724,96
805035,-75.90827002,55.13110724,96
805036,-74.72382598,55.13116076,96
805065,-76.19047002,55.13050724,96
805066,-75.48417002,55.12870724,96
805085,-77.42237002,55.12860724,96
805086,-76.37117002,55.12890724,96
805100,-77.68397002,55.12810724,96
805119,-75.73717002,55.13040724,96
805120,-75.62517002,55.13820724,96
805121,-75.58797002,55.12980724,96
805133,-75.75817002,55.12980724,96
805140,-77.51927002,55.12780724,96
805141,-75.64577002,55.13040724,96
805167,-75.45547002,55.12950724,96
805168,-75.40737002,55.12740724,96
805187,-76.22227002,55.12560724,96
805188,-75.26207002,55.12910724,96
805211,-77.84507002,55.12990724,96
805212,-75.12122598,55.12506076,96
805232,-77.76697002,55.12380724,96
805233,-76.19047002,55.12390724,96
805234,-75.57097002,55.12480724,96
805260,-75.81317002,55.13020724,96
805274,-77.87997002,55.12670724,96
805275,-76.34797002,55.12600724,96
805276,-75.99997002,55.12890724,96
805277,-75.71187002,55.12720724,96
805291,-77.10667002,55.12500724,96
805292,-76.25147002,55.12470724,96
805293,-74.46662598,55.12476076,96
805308,-75.95117002,55.12490724,96
805309,-75.65047002,55.12290724,96
805333,-77.50787002,55.12380724,96
805334,-76.38147002,55.12320724,96
805349,-75.08692598,55.11796076,96
805350,-74.62582598,55.12536076,96
805359,-74.56822598,55.12116076,96
805383,-76.85337002,55.12200724,96
805384,-75.89767002,55.11960724,96
805385,-75.88517002,55.12150724,96
805386,-75.70607002,55.12250724,96
805387,-74.50412598,55.12206076,96
805410,-76.17357002,55.12050724,96
805411,-76.13667002,55.11950724,96
805412,-76.11387002,55.12090724,96
805413,-75.75857002,55.11950724,96
805414,-75.47427002,55.11440724,96
805415,-74.45172598,55.12066076,96
805431,-77.40447002,55.12460724,96
805432,-75.73087002,55.12250724,96
805447,-77.30877002,55.12450724,96
805448,-74.48262598,55.12006076,96
805459,-74.68362598,55.11996076,96
805478,-77.19737002,55.11940724,96
805479,-75.59437002,55.12130724,96
805480,-74.72122598,55.12006076,96
805494,-77.73287002,55.11850724,96
805495,-77.22347002,55.11770724,96
805532,-76.75267002,55.11770724,96
805533,-75.98787002,55.11920724,96
805548,-77.45037002,55.11760724,96
805549,-76.83867002,55.11420724,96
805550,-76.05377002,55.11540724,96
805551,-76.04047002,55.11340724,96
805552,-75.57797002,55.12070724,96
805561,-77.20037002,55.11540724,96
805565,-75.36927002,55.11680724,96
805566,-75.15082598,55.11906076,96
805593,-76.24437002,55.11770724,96
805594,-74.94662598,55.11376076,96
805603,-77.86397002,55.11590724,96
805604,-75.53887002,55.11420724,96
805605,-75.05672598,55.11486076,96
805617,-77.93117002,55.11310724,96
805618,-76.56967002,55.11690724,96
805619,-74.98522598,55.11396076,96
805635,-76.17057002,55.11370724,96
805636,-75.62897002,55.11420724,96
805637,-74.49022598,55.11456076,96
805651,-77.99577002,55.11510724,96
805652,-77.40647002,55.11210724,96
805653,-74.61352598,55.11286076,96
805679,-74.97562598,55.11196076,96
805680,-74.75222598,55.11206076,96
805690,-77.68977002,55.11320724,96
805702,-76.26237002,55.11500724,96
805703,-75.96557002,55.11370724,96
805714,-74.51522598,55.11286076,96
805726,-75.85147002,55.11080724,96
805727,-75.80057002,55.11020724,96
805728,-75.44597002,55.11070724,96
805729,-74.62842598,55.10856076,96
805745,-77.75867002,55.11040724,96
805746,-75.60577002,55.10800724,96
805766,-77.95057002,55.10700724,96
805767,-76.13587002,55.10890724,96
805768,-75.64207002,55.10990724,96
805782,-77.90177002,55.10740724,96
805783,-76.94557002,55.10780724,96
805784,-74.71782598,55.10876076,96
805805,-75.56277002,55.10690724,96
805806,-74.95582598,55.10706076,96
805807,-74.85372598,55.10856076,96
805820,-76.03227002,55.10890724,96
805821,-74.58662598,55.10916076,96
805834,-76.54557002,55.11010724,96
805854,-77.83167002,55.10810724,96
805855,-76.42917002,55.10990724,96
805856,-76.10747002,55.10640724,96
805857,-75.98947002,55.10750724,96
805858,-75.67067002,55.10540724,96
805859,-75.10892598,55.10916076,96
805860,-75.03892598,55.10746076,96
805861,-74.74532598,55.10736076,96
805872,-75.46267002,55.10590724,96
805888,-76.99717002,55.10670724,96
805889,-75.59217002,55.10550724,96
805890,-75.22462598,55.10666076,96
805891,-74.49132598,55.10306076,96
805905,-75.10632598,55.10276076,96
805906,-75.08502598,55.10576076,96
805922,-77.64837002,55.10530724,96
805923,-77.19427002,55.10630724,96
805924,-76.55857002,55.10490724,96
805925,-76.48397002,55.10510724,96
805926,-75.96377002,55.10900724,96
805965,-76.01287002,55.10380724,96
805966,-74.74812598,55.10356076,96
805980,-75.78097002,55.10940724,96
805981,-75.63047002,55.10360724,96
805982,-75.49567002,55.10630724,96
805993,-74.70322598,55.10376076,96
806004,-76.46117002,55.10440724,96
806005,-75.24272598,55.10256076,96
806006,-74.93232598,55.10006076,96
806007,-74.67252598,55.10526076,96
806008,-74.65552598,55.10186076,96
806024,-77.86017002,55.10270724,96
806025,-76.16367002,55.10510724,96
806026,-76.08727002,55.10160724,96
806027,-75.93377002,55.10150724,96
806028,-75.02852598,55.10226076,96
806046,-77.43387002,55.10130724,96
806047,-76.11557002,55.10320724,96
806048,-75.27062598,55.10156076,96
806066,-77.03647002,55.10240724,96
806067,-75.59077002,55.10140724,96
806068,-75.23142598,55.10096076,96
806069,-75.05962598,55.10036076,96
806083,-77.91697002,55.09330724,96
806084,-77.11117002,55.10020724,96
806085,-74.47182598,55.10336076,96
806102,-77.53447002,55.09910724,96
806103,-76.34057002,55.09980724,96
806104,-74.67272598,55.09726076,96
806105,-74.53112598,55.09796076,96
806135,-76.40417002,55.09790724,96
806136,-75.81007002,55.09990724,96
806155,-75.30867002,55.08960724,96
806156,-75.14042598,55.09826076,96
806157,-74.99992598,55.09956076,96
806183,-77.48167002,55.09850724,96
806202,-77.45067002,55.09610724,96
806203,-75.68577002,55.09650724,96
806219,-74.79952598,55.08476076,96
806232,-75.89717002,55.09710724,96
806241,-77.62057002,55.09860724,96
806242,-75.76517002,55.09840724,96
806243,-75.73487002,55.09860724,96
806244,-75.66057002,55.09650724,96
806245,-75.61717002,55.11350724,96
806259,-76.97627002,55.09450724,96
806260,-76.30627002,55.09560724,96
806261,-76.04557002,55.09530724,96
806276,-77.52437002,55.09400724,96
806277,-77.47077002,55.09450724,96
806278,-76.91547002,55.09490724,96
806279,-75.93587002,55.09660724,96
806280,-75.57407002,55.09440724,96
806281,-75.17592598,55.09526076,96
806302,-77.59507002,55.09340724,96
806303,-75.86977002,55.09450724,96
806304,-75.22112598,55.09246076,96
806323,-77.89247002,55.08870724,96
806324,-77.51567002,55.09320724,96
806325,-75.99097002,55.09650724,96
806346,-76.24267002,55.09280724,96
806347,-76.12327002,55.09400724,96
806371,-76.17567002,55.09080724,96
806372,-75.90137002,55.09250724,96
806373,-74.65962598,55.08986076,96
806389,-74.72512598,55.08886076,96
806403,-76.10237002,55.09330724,96
806404,-75.70927002,55.09360724,96
806424,-77.28067002,55.09130724,96
806425,-76.00867002,55.09160724,96
806443,-77.94447002,55.09020724,96
806453,-76.39637002,55.09140724,96
806473,-77.98187002,55.08980724,96
806474,-77.33627002,55.08820724,96
806475,-74.89212598,55.08956076,96
806490,-77.51137002,55.08880724,96
806491,-77.11017002,55.08860724,96
806492,-75.97697002,55.08760724,96
806493,-75.28007002,55.08900724,96
806494,-75.18472598,55.09066076,96
806495,-74.64422598,55.08876076,96
806496,-74.46942598,55.08876076,96
806512,-74.92102598,55.08636076,96
806513,-74.53392598,55.08736076,96
806527,-74.78532598,55.08706076,96
806577,-77.55557002,55.08740724,96
806578,-76.52537002,55.08750724,96
806579,-75.69167002,55.08890724,96
806580,-75.60137002,55.08730724,96
806581,-75.58237002,55.08650724,96
806601,-77.99387002,55.08710724,96
806602,-75.75647002,55.08810724,96
806622,-77.52327002,55.08520724,96
806623,-77.45867002,55.08530724,96
806624,-75.17672598,55.08476076,96
806625,-74.51982598,55.08486076,96
806638,-77.42597002,55.08400724,96
806660,-76.42797002,55.08440724,96
806661,-75.16712598,55.08416076,96
806662,-74.66772598,55.08406076,96
806663,-74.43762598,55.08416076,96
806681,-77.75167002,55.08280724,96
806682,-76.50227002,55.08370724,96
806683,-76.07407002,55.08240724,96
806684,-75.97767002,55.08310724,96
806699,-75.79617002,55.08730724,96
806700,-75.64477002,55.08760724,96
806711,-77.84007002,55.08250724,96
806712,-77.76577002,55.08230724,96
806713,-76.30297002,55.08230724,96
806714,-76.23097002,55.08710724,96
806730,-77.03587002,55.08160724,96
806731,-76.61937002,55.08390724,96
806732,-76.46037002,55.09350724,96
806733,-76.09317002,55.08210724,96
806734,-74.71112598,55.08196076,96
806753,-77.38677002,55.08290724,96
806771,-75.82257002,55.08100724,96
806772,-74.85232598,55.07876076,96
806818,-77.28297002,55.08250724,96
806819,-77.10317002,55.07540724,96
806820,-76.19317002,55.08120724,96
806821,-75.96277002,55.07950724,96
806822,-75.91837002,55.08430724,96
806823,-75.87577002,55.07880724,96
806824,-75.22252598,55.07636076,96
806828,-77.12427002,55.08010724,96
806829,-76.13817002,55.07890724,96
806830,-75.21472598,55.08036076,96
806844,-76.62307002,55.07930724,96
806845,-76.22207002,55.07740724,96
806846,-75.05562598,55.08146076,96
806847,-74.63662598,55.08236076,96
806860,-77.96497002,55.07880724,96
806861,-76.44807002,55.07900724,96
806862,-75.58947002,55.08110724,96
806863,-75.27287002,55.07870724,96
806873,-76.95937002,55.07470724,96
806891,-76.27437002,55.07430724,96
806905,-77.77497002,55.07770724,96
806906,-77.42887002,55.07340724,96
806907,-74.90132598,55.07696076,96
806921,-77.93977002,55.07670724,96
806922,-77.13267002,55.07550724,96
806923,-75.29587002,55.07400724,96
806944,-76.91717002,55.07440724,96
806977,-76.99447002,55.07800724,96
806978,-76.13547002,55.07500724,96
806979,-76.11037002,55.07520724,96
806980,-75.78767002,55.07500724,96
806990,-77.05537002,55.07470724,96
806991,-76.41037002,55.07450724,96
806992,-75.70867002,55.07460724,96
807009,-75.06362598,55.07366076,96
807010,-74.46402598,55.07796076,96
807027,-77.33607002,55.07320724,96
807028,-75.17452598,55.07186076,96
807029,-75.05522598,55.07436076,96
807042,-77.49297002,55.07270724,96
807043,-75.58477002,55.07220724,96
807058,-75.63727002,55.07270724,96
807059,-75.46077002,55.07310724,96
807060,-75.45217002,55.07250724,96
807061,-75.14932598,55.07016076,96
807081,-77.98667002,55.07300724,96
807082,-74.48872598,55.07126076,96
807105,-77.40447002,55.07030724,96
807106,-77.35517002,55.06930724,96
807107,-75.89787002,55.07100724,96
807115,-76.11067002,55.07180724,96
807116,-75.98547002,55.07220724,96
807126,-76.39337002,55.07160724,96
807127,-76.26887002,55.07190724,96
807128,-75.61177002,55.07240724,96
807152,-76.89067002,55.06980724,96
807153,-75.91377002,55.07010724,96
807154,-75.75877002,55.07060724,96
807155,-75.69057002,55.06880724,96
807175,-77.45567002,55.06900724,96
807176,-75.98087002,55.06870724,96
807177,-75.07912598,55.07456076,96
807178,-74.71002598,55.06896076,96
807179,-74.64592598,55.07106076,96
807204,-75.94837002,55.07020724,96
807205,-75.06122598,55.06846076,96
807221,-76.15547002,55.06810724,96
807244,-77.65987002,55.06720724,96
807245,-77.39177002,55.06620724,96
807257,-77.98727002,55.06530724,96
807258,-74.71622598,55.06606076,96
807291,-75.38827002,55.06460724,96
807292,-74.40532598,55.07056076,96
807315,-76.21177002,55.06510724,96
807339,-76.07397002,55.06330724,96
807353,-75.60707002,55.06440724,96
807354,-74.85022598,55.06486076,96
807377,-77.31317002,55.06340724,96
807378,-76.78857002,55.06430724,96
807379,-76.07257002,55.07340724,96
807380,-75.96547002,55.06220724,96
807381,-75.31607002,55.06120724,96
807382,-75.10072598,55.06586076,96
807408,-75.27427002,55.07080724,96
807409,-75.23882598,55.06186076,96
807429,-75.78587002,55.06880724,96
807445,-77.48737002,55.06460724,96
807446,-74.50162598,55.06546076,96
807458,-77.09597002,55.05820724,96
807459,-76.96157002,55.05780724,96
807460,-76.95297002,55.06230724,96
807474,-77.03957002,55.06180724,96
807493,-76.46287002,55.06110724,96
807505,-75.03652598,55.06296076,96
807506,-74.72462598,55.06036076,96
807541,-75.42257002,55.06510724,96
807559,-77.99897002,55.05990724,96
807560,-76.80377002,55.06130724,96
807561,-75.07802598,55.05966076,96
807573,-75.65057002,55.05970724,96
807592,-77.82727002,55.05910724,96
807593,-77.34127002,55.05800724,96
807594,-74.84822598,55.05606076,96
807595,-74.46062598,55.05846076,96
807612,-77.94307002,55.05770724,96
807613,-76.77927002,55.05850724,96
807646,-74.69162598,55.06186076,96
807706,-74.74662598,55.05366076,96
807707,-74.52642598,55.05376076,96
807729,-76.93547002,55.05350724,96
807730,-76.78797002,55.05540724,96
807731,-75.92407002,55.05670724,96
807732,-75.38107002,55.05500724,96
807748,-74.57652598,55.05506076,96
807765,-75.85207002,55.06250724,96
807766,-75.35387002,55.05490724,96
807783,-77.41997002,55.05900724,96
807784,-77.02177002,55.05200724,96
807785,-75.22232598,55.04966076,96
807804,-75.20612598,55.05586076,96
807805,-75.01722598,55.05366076,96
807819,-77.41567002,55.05160724,96
807820,-76.99697002,55.05160724,96
807834,-76.91947002,55.05030724,96
807835,-75.13112598,55.05126076,96
807836,-75.04142598,55.04966076,96
807837,-74.66502598,55.05526076,96
807838,-74.59062598,55.05056076,96
807862,-76.87617002,55.05170724,96
807863,-74.47952598,55.05066076,96
807887,-74.54932598,55.04726076,96
807901,-75.50797002,55.05140724,96
807902,-74.68832598,55.05166076,96
807923,-77.96867002,55.05000724,96
807938,-75.48987002,55.04760724,96
807939,-75.08072598,55.04836076,96
807965,-75.40247002,55.04990724,96
807966,-74.45182598,55.04756076,96
807985,-77.55927002,55.04710724,96
807986,-75.23312598,55.05126076,96
808011,-75.42187002,55.04010724,96
808012,-74.48602598,55.04656076,96
808027,-77.40827002,55.04560724,96
808059,-76.68927002,55.04490724,96
808060,-75.17812598,55.04866076,96
808071,-77.34887002,55.04550724,96
808072,-75.98107002,55.04480724,96
808073,-75.52537002,55.04500724,96
808115,-77.95367002,55.04390724,96
808116,-77.93597002,55.04410724,96
808117,-76.99037002,55.04440724,96
808118,-75.28607002,55.05220724,96
808119,-74.88772598,55.04816076,96
808120,-74.78872598,55.04196076,96
808140,-77.45657002,55.04020724,96
808141,-76.35197002,55.04320724,96
808155,-74.58872598,55.04276076,96
808156,-74.40842598,55.04366076,96
808174,-77.56027002,55.04150724,96
808175,-76.97667002,55.03760724,96
808176,-75.31627002,55.04100724,96
808177,-75.12852598,55.04106076,96
808178,-74.67612598,55.04186076,96
808192,-77.36737002,55.04710724,96
808200,-75.53637002,55.03270724,96
808218,-76.31737002,55.04180724,96
808219,-75.14912598,55.04016076,96
808220,-74.57132598,55.04166076,96
808221,-74.47762598,55.04096076,96
808239,-74.86992598,55.04126076,96
808272,-75.05412598,55.03916076,96
808299,-76.72167002,55.03640724,96
808300,-75.50057002,55.03360724,96
808301,-75.03872598,55.03706076,96
808302,-74.83532598,55.03926076,96
808323,-77.03587002,55.03770724,96
808324,-76.94787002,55.03680724,96
808337,-75.37067002,55.04580724,96
808338,-74.88542598,55.03766076,96
808351,-75.18372598,55.03576076,96
808352,-74.63102598,55.03526076,96
808378,-77.97717002,55.03570724,96
808379,-75.08262598,55.03636076,96
808399,-77.29067002,55.03630724,96
808425,-76.85107002,55.04120724,96
808426,-76.34757002,55.03480724,96
808427,-75.46447002,55.03260724,96
808487,-76.67267002,55.03410724,96
808488,-74.81382598,55.03396076,96
808508,-77.85277002,55.03230724,96
808509,-75.31087002,55.03320724,96
808522,-77.04007002,55.03200724,96
808523,-76.80167002,55.03180724,96
808524,-75.12562598,55.02946076,96
808525,-74.86032598,55.03196076,96
808546,-76.93907002,55.02720724,96
808547,-75.89177002,55.03110724,96
808564,-76.97637002,55.02920724,96
808584,-77.46577002,55.03100724,96
808585,-75.03362598,55.02916076,96
808622,-76.72467002,55.02860724,96
808623,-75.33927002,55.03220724,96
808647,-76.34727002,55.03010724,96
808648,-74.98702598,55.03256076,96
808666,-77.95937002,55.02850724,96
808667,-75.57877002,55.02860724,96
808686,-75.61427002,55.02790724,96
808700,-76.84397002,55.02760724,96
808701,-75.77277002,55.02770724,96
808702,-75.16542598,55.02816076,96
808716,-77.20927002,55.02720724,96
808717,-76.32707002,55.02730724,96
808718,-75.43077002,55.02690724,96
808734,-77.26067002,55.02790724,96
808735,-74.83522598,55.02596076,96
808761,-77.42647002,55.02530724,96
808762,-75.13022598,55.02316076,96
808781,-75.17532598,55.02356076,96
808782,-74.55592598,55.02886076,96
808800,-77.23137002,55.02750724,96
808801,-74.79252598,55.02576076,96
808802,-74.66712598,55.02406076,96
808819,-75.36047002,55.02620724,96
808820,-74.70282598,55.02236076,96
808846,-76.81487002,55.02360724,96
808866,-76.17327002,55.02280724,96
808886,-77.03917002,55.01840724,96
808903,-76.95907002,55.02070724,96
808904,-74.60612598,55.02196076,96
808923,-76.03467002,55.01940724,96
808924,-75.88477002,55.01980724,96
808937,-76.43807002,55.02140724,96
808938,-75.65647002,55.02300724,96
808952,-77.08187002,55.02180724,96
808963,-76.82117002,55.01770724,96
809004,-77.42697002,55.01540724,96
809005,-75.10342598,55.01896076,96
809034,-75.08812598,55.01596076,96
809049,-74.83732598,55.01756076,96
809071,-76.85447002,55.01670724,96
809072,-75.65987002,55.01700724,96
809073,-75.57337002,55.01960724,96
809087,-77.05507002,55.01630724,96
809088,-76.51447002,55.01680724,96
809089,-76.48307002,55.02210724,96
809090,-75.59837002,55.01810724,96
809091,-74.48422598,55.01386076,96
809107,-76.55477002,55.01670724,96
809125,-75.40147002,55.01500724,96
809126,-75.26612598,55.01506076,96
809127,-74.98052598,55.02046076,96
809147,-77.63027002,55.01510724,96
809148,-77.43767002,55.01270724,96
809149,-75.56137002,55.01520724,96
809166,-75.94687002,55.01230724,96
809167,-75.14272598,55.01156076,96
809184,-76.42967002,55.01440724,96
809185,-75.75237002,55.00360724,96
809200,-74.68332598,55.01136076,96
809219,-76.69787002,55.01220724,96
809220,-75.98117002,55.01450724,96
809239,-77.06537002,55.01250724,96
809240,-75.85407002,55.01610724,96
809241,-75.06062598,55.01366076,96
809256,-75.53177002,55.01330724,96
809257,-74.98892598,55.01336076,96
809275,-76.60327002,55.01450724,96
809276,-75.53787002,55.00480724,96
809277,-75.01842598,55.01166076,96
809314,-76.82387002,55.00880724,96
809315,-76.75967002,55.01050724,96
809316,-75.56387002,55.00760724,96
809333,-76.56797002,55.00710724,96
809334,-76.04787002,55.00950724,96
809335,-74.70452598,55.00876076,96
809353,-76.08547002,54.99950724,96
809354,-75.16842598,55.00776076,96
809355,-74.45862598,55.00916076,96
809371,-77.22177002,55.00810724,96
809372,-76.68157002,55.01120724,96
809373,-75.43067002,55.01020724,96
809374,-74.51052598,55.00726076,96
809382,-76.89807002,55.00820724,96
809386,-75.62207002,55.00910724,96
809415,-77.04897002,55.00710724,96
809416,-76.50697002,55.00650724,96
809417,-74.59622598,55.00866076,96
809436,-76.46147002,55.01150724,96
809437,-76.13597002,55.00640724,96
809438,-75.65897002,55.00440724,96
809439,-75.58747002,55.00620724,96
809462,-74.66692598,55.00806076,96
809473,-76.73967002,55.00480724,96
809500,-77.29527002,55.00550724,96
809501,-76.47677002,55.00380724,96
809502,-75.41607002,55.00280724,96
809503,-75.07972598,55.00176076,96
809531,-77.36467002,55.00300724,96
809532,-76.78737002,55.00300724,96
809533,-75.80027002,55.00300724,96
809534,-75.68147002,55.00250724,96
809535,-75.63347002,55.00790724,96
809536,-75.50857002,55.00760724,96
809537,-75.44167002,55.00440724,96
809538,-74.87732598,55.00416076,96
809539,-74.61852598,55.00486076,96
809540,-74.43762598,55.00396076,96
809559,-74.56102598,55.00546076,96
809580,-76.19887002,55.00040724,96
809599,-76.75097002,55.00210724,96
809600,-75.92917002,55.00060724,96
809601,-75.90007002,55.00160724,96
809651,-76.25577002,54.99980724,96
809671,-76.96827002,54.99860724,96
809672,-76.54067002,54.99810724,96
809673,-76.51247002,54.99460724,96
809674,-75.70627002,54.99920724,96
809675,-75.35947002,54.99940724,96
809693,-75.84447002,55.00050724,96
809720,-76.23727002,55.00200724,96
809721,-75.05632598,54.99866076,96
809722,-74.76012598,54.99986076,96
809741,-76.85007002,54.99830724,96
809742,-76.57097002,54.97620724,96
809743,-75.26897002,54.99870724,96
809777,-77.35517002,54.99790724,96
809778,-77.23597002,54.99970724,96
809779,-76.92027002,54.99200724,96
809780,-75.31957002,54.99760724,96
809781,-75.14982598,54.99736076,96
809782,-74.65772598,54.99766076,96
809783,-74.55532598,54.99136076,96
809802,-77.52237002,54.99700724,96
809803,-77.48347002,54.99720724,96
809804,-75.90977002,54.99630724,96
809805,-75.61997002,54.99820724,96
809806,-74.62262598,54.99476076,96
809826,-76.61507002,54.99850724,96
809827,-75.42407002,54.99560724,96
809828,-75.41137002,54.99540724,96
809844,-74.44122598,54.99726076,96
809858,-75.86867002,54.99850724,96
809859,-75.54227002,54.99590724,96
809860,-74.69822598,54.99776076,96
809880,-77.04627002,54.99520724,96
809881,-76.75107002,54.99510724,96
809889,-77.56247002,54.99350724,96
809890,-75.68837002,54.99430724,96
809891,-75.65277002,54.98300724,96
809892,-74.94722598,54.99396076,96
809912,-76.39037002,54.99740724,96
809922,-77.64627002,54.99260724,96
809923,-77.15887002,54.99110724,96
809937,-75.66997002,54.99030724,96
809938,-75.55237002,54.99200724,96
809956,-77.59657002,54.99070724,96
809957,-77.53827002,54.98510724,96
809958,-75.62217002,54.99390724,96
809974,-77.81667002,54.99000724,96
809975,-76.15447002,54.99500724,96
809976,-75.37157002,54.99090724,96
809992,-75.82207002,54.99260724,96
809993,-75.14802598,54.99236076,96
809994,-74.48232598,54.99366076,96
810006,-76.12527002,54.99320724,96
810007,-75.71037002,54.97050724,96
810008,-75.49687002,54.99240724,96
810009,-75.29867002,54.99250724,96
810028,-76.24937002,54.98820724,96
810029,-75.71617002,54.99080724,96
810030,-75.22452598,54.99136076,96
810031,-74.67612598,54.99016076,96
810047,-75.09582598,54.99116076,96
810077,-76.41357002,54.98820724,96
810078,-75.46967002,54.98690724,96
810089,-76.27927002,54.98580724,96
810090,-75.74857002,54.98350724,96
810091,-75.35367002,54.98730724,96
810105,-77.16467002,54.98290724,96
810106,-74.58042598,54.98856076,96
810121,-76.97817002,54.98950724,96
810150,-77.25457002,54.98610724,96
810151,-75.57377002,54.99450724,96
810152,-75.19062598,54.98676076,96
810165,-77.75887002,54.98600724,96
810166,-77.43967002,54.98740724,96
810167,-77.14647002,54.98570724,96
810168,-76.00597002,54.98580724,96
810169,-74.67132598,54.98596076,96
810188,-77.72327002,54.98510724,96
810189,-75.33757002,54.98300724,96
810190,-75.15922598,54.98506076,96
810191,-75.14852598,54.98526076,96
810201,-77.29487002,54.98370724,96
810202,-76.36907002,54.98390724,96
810224,-76.15397002,54.98490724,96
810225,-75.31217002,54.98470724,96
810248,-76.17697002,54.98720724,96
810249,-75.63087002,54.98170724,96
810268,-76.66717002,54.98160724,96
810287,-77.38487002,54.98250724,96
810288,-77.23007002,54.97970724,96
810289,-76.53107002,54.98600724,96
810290,-76.31697002,54.98100724,96
810291,-75.77237002,54.97850724,96
810292,-75.71997002,54.98460724,96
810310,-76.24317002,54.98200724,96
810311,-74.73872598,54.98226076,96
810327,-77.97077002,54.98240724,96
810347,-76.62057002,54.98150724,96
810369,-75.58127002,54.98030724,96
810385,-77.33417002,54.97920724,96
810386,-75.04972598,54.97836076,96
810403,-75.02062598,54.97966076,96
810404,-74.66792598,54.98076076,96
810405,-74.46542598,54.98446076,96
810416,-77.69577002,54.97690724,96
810417,-76.80757002,54.98390724,96
810433,-77.61097002,54.97850724,96
810444,-77.28477002,54.97850724,96
810445,-76.64377002,54.98710724,96
810446,-75.24492598,54.97886076,96
810447,-75.22452598,54.97756076,96
810460,-77.59107002,54.97770724,96
810461,-74.65642598,54.97946076,96
810483,-77.30757002,54.97430724,96
810484,-77.11217002,54.97830724,96
810485,-76.13577002,54.97660724,96
810486,-75.79177002,54.97620724,96
810487,-75.65277002,54.97710724,96
810502,-77.63237002,54.97490724,96
810503,-76.47497002,54.97630724,96
810504,-76.24797002,54.97550724,96
810505,-75.51177002,54.97870724,96
810529,-77.88697002,54.97390724,96
810530,-76.69817002,54.97660724,96
810531,-75.61967002,54.97100724,96
810532,-75.34917002,54.97660724,96
810548,-77.36877002,54.97590724,96
810549,-77.03777002,54.97540724,96
810550,-75.90117002,54.97490724,96
810551,-75.79887002,54.96710724,96
810552,-75.52787002,54.97860724,96
810581,-77.49737002,54.97730724,96
810582,-75.33197002,54.97320724,96
810583,-74.73012598,54.97676076,96
810584,-74.70832598,54.97556076,96
810599,-75.27092598,54.97466076,96
810617,-77.75437002,54.97520724,96
810618,-77.73827002,54.97880724,96
810619,-76.75687002,54.97430724,96
810620,-75.21092598,54.97086076,96
810621,-75.00252598,54.97426076,96
810637,-75.56697002,54.97340724,96
810651,-75.23112598,54.97066076,96
810665,-76.22107002,54.96900724,96
810684,-77.27567002,54.97150724,96
810685,-76.60097002,54.97180724,96
810686,-75.16562598,54.97166076,96
810687,-75.14042598,54.96966076,96
810710,-77.50907002,54.97120724,96
810711,-77.28867002,54.96910724,96
810712,-75.81957002,54.96690724,96
810723,-75.25552598,54.97166076,96
810745,-76.88477002,54.96590724,96
810746,-75.97187002,54.97380724,96
810763,-76.79677002,54.96860724,96
810764,-75.00602598,54.96946076,96
810778,-77.57017002,54.97220724,96
810779,-76.40837002,54.97020724,96
810780,-75.55807002,54.96780724,96
810781,-75.33637002,54.96890724,96
810797,-75.73687002,54.96710724,96
810815,-77.20947002,54.96870724,96
810816,-77.10577002,54.96810724,96
810817,-76.92107002,54.96540724,96
810818,-76.28977002,54.96740724,96
810836,-75.61457002,54.96550724,96
810851,-76.82927002,54.96640724,96
810852,-75.01342598,54.96456076,96
810868,-77.30057002,54.96760724,96
810869,-76.93397002,54.96730724,96
810870,-75.20222598,54.96676076,96
810897,-75.88757002,54.96620724,96
810912,-77.25537002,54.96530724,96
810913,-77.11477002,54.96520724,96
810914,-75.94397002,54.96630724,96
810931,-74.72542598,54.96376076,96
810932,-74.64562598,54.97326076,96
810944,-76.23637002,54.96300724,96
810945,-75.84537002,54.96240724,96
810946,-75.57127002,54.96100724,96
810947,-74.68262598,54.96206076,96
810967,-77.55407002,54.95940724,96
810985,-76.76747002,54.96640724,96
810998,-77.63867002,54.96350724,96
810999,-77.59917002,54.96360724,96
811000,-76.41057002,54.96350724,96
811001,-75.75497002,54.96260724,96
811002,-74.82742598,54.96256076,96
811003,-74.76912598,54.96346076,96
811015,-77.27907002,54.96240724,96
811016,-76.35217002,54.96210724,96
811017,-75.39257002,54.96270724,96
811036,-75.11282598,54.95806076,96
811053,-75.04922598,54.96026076,96
811054,-74.67052598,54.96076076,96
811063,-77.74387002,54.96250724,96
811064,-76.41467002,54.95790724,96
811065,-75.87887002,54.96040724,96
811066,-75.30587002,54.95830724,96
811088,-75.86087002,54.95990724,96
811105,-76.04667002,54.95700724,96
811106,-74.62212598,54.96026076,96
811118,-77.20557002,54.95480724,96
811119,-76.97497002,54.95670724,96
811120,-76.56477002,54.95650724,96
811121,-74.74622598,54.96106076,96
811135,-74.78142598,54.95936076,96
811148,-77.25337002,54.95800724,96
811149,-76.53357002,54.95940724,96
811150,-75.91167002,54.95790724,96
811151,-74.98252598,54.95496076,96
811164,-77.29977002,54.95850724,96
811165,-77.26507002,54.95740724,96
811166,-76.47307002,54.95850724,96
811184,-76.09527002,54.95710724,96
811185,-75.82237002,54.95550724,96
811186,-75.73117002,54.95680724,96
811200,-76.89267002,54.95630724,96
811201,-74.41432598,54.95406076,96
811219,-77.50607002,54.95300724,96
811220,-76.80217002,54.96510724,96
811221,-76.14357002,54.95560724,96
811241,-75.59527002,54.95410724,96
811242,-75.21752598,54.95206076,96
811258,-77.54617002,54.95260724,96
811259,-76.34537002,54.95520724,96
811260,-75.76427002,54.95210724,96
811276,-76.93077002,54.95740724,96
811292,-77.08947002,54.95670724,96
811293,-76.92007002,54.95470724,96
811294,-76.21497002,54.95630724,96
811310,-77.70377002,54.95430724,96
811311,-77.34497002,54.95340724,96
811312,-76.19647002,54.95600724,96
811330,-77.14897002,54.95320724,96
811331,-75.29637002,54.95240724,96
811332,-74.64482598,54.95306076,96
811347,-76.96097002,54.95070724,96
811348,-75.44857002,54.95210724,96
811368,-77.24427002,54.95220724,96
811382,-77.68467002,54.95350724,96
811383,-77.32487002,54.95220724,96
811384,-76.07287002,54.95280724,96
811385,-75.97827002,54.95320724,96
811386,-75.36507002,54.95030724,96
811407,-77.22477002,54.94980724,96
811408,-77.09107002,54.95090724,96
811423,-77.42657002,54.94930724,96
811439,-77.00637002,54.95100724,96
811440,-75.79557002,54.95100724,96
811441,-74.74952598,54.95106076,96
811450,-77.20827002,54.94840724,96
811451,-75.73937002,54.94910724,96
811461,-76.92737002,54.94870724,96
811477,-77.26587002,54.94490724,96
811478,-75.38577002,54.95660724,96
811479,-75.19242598,54.94746076,96
811498,-77.07997002,54.94760724,96
811499,-75.96427002,54.95140724,96
811500,-75.87487002,54.94460724,96
811501,-75.46477002,54.94770724,96
811502,-75.03032598,54.94526076,96
811520,-77.24907002,54.94700724,96
811521,-77.21777002,54.94630724,96
811522,-77.15057002,54.94580724,96
811539,-77.17757002,54.94850724,96
811540,-75.91727002,54.95070724,96
811541,-75.74787002,54.94300724,96
811542,-75.34897002,54.94720724,96
811543,-74.83942598,54.94656076,96
811564,-77.65667002,54.94530724,96
811565,-77.54797002,54.94370724,96
811566,-75.81967002,54.94420724,96
811581,-77.34217002,54.94360724,96
811592,-76.69807002,54.94540724,96
811593,-74.53012598,54.94796076,96
811616,-77.48787002,54.94090724,96
811617,-75.42017002,54.94360724,96
811618,-75.31117002,54.94770724,96
811619,-74.96882598,54.94566076,96
811633,-77.20587002,54.94310724,96
811634,-75.85787002,54.94620724,96
811655,-77.23767002,54.94310724,96
811656,-76.23497002,54.94290724,96
811657,-75.01652598,54.94386076,96
811658,-74.99782598,54.94546076,96
811669,-77.41417002,54.94270724,96
811670,-76.48087002,54.94250724,96
811692,-76.12027002,54.94270724,96
811706,-75.55397002,54.94250724,96
811707,-75.37607002,54.94250724,96
811708,-74.92592598,54.94106076,96
811709,-74.67282598,54.94056076,96
811728,-77.29387002,54.94450724,96
811729,-75.33207002,54.94000724,96
811730,-74.56322598,54.94006076,96
811748,-76.90397002,54.94260724,96
811749,-76.77847002,54.94220724,96
811767,-77.32447002,54.94010724,96
811768,-76.82477002,54.94080724,96
811769,-75.05622598,54.94226076,96
811791,-77.16937002,54.94140724,96
811792,-76.66617002,54.94130724,96
811793,-76.44197002,54.94490724,96
811830,-76.51097002,54.94700724,96
811831,-75.76197002,54.93940724,96
811832,-75.39557002,54.93940724,96
811833,-75.09432598,54.93826076,96
811848,-76.13657002,54.93910724,96
811849,-76.09817002,54.93870724,96
811850,-74.45242598,54.93896076,96
811865,-76.38707002,54.93800724,96
811866,-75.91277002,54.93830724,96
811882,-77.61717002,54.93670724,96
811883,-75.11262598,54.93476076,96
811893,-77.37367002,54.93880724,96
811910,-76.25297002,54.94080724,96
811911,-75.93197002,54.93710724,96
811921,-77.58967002,54.93770724,96
811922,-77.39627002,54.93250724,96
811923,-76.28377002,54.92680724,96
811924,-74.99292598,54.93666076,96
811940,-77.42187002,54.93660724,96
811941,-75.35297002,54.93540724,96
811960,-77.65727002,54.93670724,96
811961,-76.59967002,54.93430724,96
811962,-76.32737002,54.93130724,96
811963,-75.88517002,54.93600724,96
811964,-75.60277002,54.93490724,96
811965,-74.61742598,54.93386076,96
811981,-76.20457002,54.93460724,96
811999,-77.02807002,54.93340724,96
812000,-75.96637002,54.93370724,96
812001,-75.03952598,54.93366076,96
812025,-77.38287002,54.93470724,96
812026,-75.48507002,54.93190724,96
812027,-75.02362598,54.93396076,96
812028,-75.01612598,54.93346076,96
812029,-74.95512598,54.93036076,96
812030,-74.45942598,54.93496076,96
812043,-75.83437002,54.92750724,96
812044,-75.76577002,54.93560724,96
812072,-77.17127002,54.93010724,96
812073,-77.04137002,54.92800724,96
812074,-76.38667002,54.93230724,96
812075,-75.98537002,54.93220724,96
812100,-77.34107002,54.93170724,96
812101,-74.98782598,54.93226076,96
812115,-77.78417002,54.93160724,96
812131,-76.10317002,54.93070724,96
812132,-75.36287002,54.93070724,96
812133,-75.00322598,54.93006076,96
812152,-77.57197002,54.92970724,96
812153,-77.33097002,54.92950724,96
812154,-76.35657002,54.92970724,96
812155,-75.40527002,54.93040724,96
812156,-75.05952598,54.92956076,96
812157,-75.04352598,54.93066076,96
812170,-76.96487002,54.92920724,96
812171,-76.20957002,54.92790724,96
812188,-75.52797002,54.92860724,96
812189,-74.42912598,54.92826076,96
812202,-76.52947002,54.92930724,96
812203,-75.25182598,54.93006076,96
812204,-74.62742598,54.92906076,96
812226,-76.98907002,54.92800724,96
812227,-76.97587002,54.92830724,96
812228,-75.34927002,54.92870724,96
812238,-76.07687002,54.92760724,96
812239,-75.90397002,54.92810724,96
812256,-76.66957002,54.92680724,96
812257,-76.55007002,54.92780724,96
812258,-75.71647002,54.92720724,96
812272,-76.57687002,54.92650724,96
812286,-76.00457002,54.92630724,96
812287,-75.94757002,54.92350724,96
812288,-74.96662598,54.92206076,96
812289,-74.51772598,54.92636076,96
812333,-77.14807002,54.92190724,96
812334,-76.20257002,54.92480724,96
812335,-74.46292598,54.92356076,96
812346,-77.52137002,54.92790724,96
812347,-76.62717002,54.92840724,96
812366,-77.54827002,54.92210724,96
812367,-77.47437002,54.92880724,96
812368,-77.38037002,54.92590724,96
812369,-76.69867002,54.92420724,96
812370,-76.12907002,54.92390724,96
812371,-74.64362598,54.92526076,96
812381,-77.20457002,54.92360724,96
812382,-75.50157002,54.92390724,96
812383,-74.44822598,54.92476076,96
812404,-74.40012598,54.92666076,96
812421,-77.58757002,54.92250724,96
812422,-76.68177002,54.92320724,96
812423,-75.04952598,54.92276076,96
812437,-76.05747002,54.92320724,96
812438,-75.61997002,54.92210724,96
812439,-75.42737002,54.92260724,96
812462,-77.64927002,54.92200724,96
812463,-77.33027002,54.92130724,96
812464,-77.26107002,54.92250724,96
812465,-76.52667002,54.92140724,96
812466,-75.92787002,54.91960724,96
812467,-74.87862598,54.92036076,96
812480,-77.24377002,54.92010724,96
812481,-76.36747002,54.92180724,96
812482,-75.87197002,54.91240724,96
812483,-75.36367002,54.91960724,96
812498,-75.96987002,54.92290724,96
812499,-75.80167002,54.92250724,96
812519,-75.12292598,54.92046076,96
812545,-76.95597002,54.92010724,96
812546,-76.61217002,54.91740724,96
812564,-77.50797002,54.92360724,96
812565,-76.54347002,54.91150724,96
812566,-76.26187002,54.91940724,96
812581,-76.90207002,54.91710724,96
812582,-76.17867002,54.91920724,96
812583,-74.63442598,54.91976076,96
812603,-77.72227002,54.91670724,96
812604,-76.49077002,54.91410724,96
812605,-76.14937002,54.91530724,96
812606,-76.06987002,54.91650724,96
812607,-75.60447002,54.91730724,96
812627,-77.30247002,54.91600724,96
812628,-76.39327002,54.91770724,96
812629,-76.22867002,54.91600724,96
812630,-75.86017002,54.91650724,96
812645,-76.32127002,54.91600724,96
812646,-75.96737002,54.91820724,96
812660,-77.71107002,54.91560724,96
812661,-75.05632598,54.91566076,96
812662,-74.91032598,54.91866076,96
812680,-75.62937002,54.91450724,96
812681,-75.39487002,54.91540724,96
812700,-77.68177002,54.91540724,96
812701,-74.64712598,54.91516076,96
812719,-77.60227002,54.91440724,96
812720,-77.16877002,54.91470724,96
812721,-77.12067002,54.91460724,96
812722,-75.07202598,54.91326076,96
812738,-77.44407002,54.91300724,96
812753,-76.63417002,54.91410724,96
812782,-77.41737002,54.91420724,96
812783,-76.93997002,54.91270724,96
812784,-75.58117002,54.91310724,96
812801,-77.58687002,54.91240724,96
812802,-77.14677002,54.91540724,96
812803,-76.68357002,54.91270724,96
812804,-76.05687002,54.91180724,96
812818,-75.79517002,54.91640724,96
812819,-74.83362598,54.91216076,96
812820,-74.41122598,54.91636076,96
812830,-75.80777002,54.91410724,96
812831,-75.70147002,54.91180724,96
812832,-75.45757002,54.91460724,96
812858,-74.98372598,54.91126076,96
812867,-77.66057002,54.91090724,96
812868,-77.35647002,54.91110724,96
812869,-77.29837002,54.90990724,96
812870,-75.77517002,54.91110724,96
812871,-75.03872598,54.91346076,96
812888,-77.89127002,54.91050724,96
812889,-77.32987002,54.90970724,96
812890,-75.65577002,54.90550724,96
812891,-75.50417002,54.91090724,96
812892,-75.39577002,54.90870724,96
812893,-75.35427002,54.91040724,96
812906,-77.51397002,54.91060724,96
812907,-77.31517002,54.90880724,96
812908,-76.67397002,54.91260724,96
812909,-75.85597002,54.90880724,96
812910,-75.31817002,54.91010724,96
812924,-76.29667002,54.90970724,96
812925,-76.09877002,54.90940724,96
812926,-75.70577002,54.91050724,96
812945,-76.31237002,54.90280724,96
812946,-75.89087002,54.90930724,96
812947,-75.87327002,54.90680724,96
812948,-75.41347002,54.90640724,96
812963,-77.61747002,54.90930724,96
812964,-75.47807002,54.90990724,96
812974,-77.23857002,54.91140724,96
812975,-75.95777002,54.90970724,96
812976,-75.29627002,54.90750724,96
812987,-76.39577002,54.90710724,96
812988,-74.90002598,54.91046076,96
813002,-77.06967002,54.90750724,96
813003,-76.18407002,54.90740724,96
813004,-75.55437002,54.90870724,96
813005,-75.26232598,54.90766076,96
813006,-74.55432598,54.90646076,96
813016,-77.95737002,54.90600724,96
813017,-75.73567002,54.90540724,96
813028,-77.89497002,54.90620724,96
813029,-75.46857002,54.90140724,96
813030,-74.79732598,54.90666076,96
813043,-77.52667002,54.90450724,96
813044,-77.41457002,54.90460724,96
813045,-77.28837002,54.90470724,96
813046,-75.67117002,54.90070724,96
813047,-75.04172598,54.90356076,96
813061,-77.98887002,54.90420724,96
813062,-77.26807002,54.90470724,96
813063,-76.95637002,54.90600724,96
813064,-74.71882598,54.89866076,96
813065,-74.52782598,54.90436076,96
813082,-77.57357002,54.89910724,96
813083,-75.99617002,54.90400724,96
813099,-77.83407002,54.91230724,96
813100,-76.56467002,54.90340724,96
813101,-76.36157002,54.90450724,96
813102,-76.05077002,54.90390724,96
813117,-74.94362598,54.90396076,96
813127,-77.80677002,54.90460724,96
813128,-76.50257002,54.90270724,96
813129,-76.24607002,54.90410724,96
813130,-75.63297002,54.90290724,96
813152,-75.87107002,54.90220724,96
813153,-74.93282598,54.90496076,96
813167,-77.25147002,54.90100724,96
813182,-77.93437002,54.90450724,96
813183,-77.68747002,54.90390724,96
813184,-76.99497002,54.90360724,96
813196,-77.42627002,54.90290724,96
813197,-77.07077002,54.90040724,96
813198,-75.31507002,54.89700724,96
813217,-77.43577002,54.90140724,96
813218,-77.22767002,54.89830724,96
813219,-75.95157002,54.89330724,96
813220,-75.82017002,54.90110724,96
813228,-77.36247002,54.90100724,96
813229,-74.97852598,54.90026076,96
813244,-77.75357002,54.90040724,96
813245,-75.52457002,54.89940724,96
813246,-74.66432598,54.90176076,96
813247,-74.59762598,54.89826076,96
813263,-76.40617002,54.89850724,96
813264,-76.04257002,54.89810724,96
813265,-75.32837002,54.90000724,96
813266,-75.29107002,54.90050724,96
813267,-75.26972598,54.89936076,96
813278,-77.69667002,54.89360724,96
813279,-77.40377002,54.89830724,96
813280,-76.16887002,54.89800724,96
813281,-75.80537002,54.89930724,96
813282,-75.34977002,54.90050724,96
813283,-74.89192598,54.90066076,96
813304,-77.89187002,54.89800724,96
813305,-77.56077002,54.89770724,96
813306,-76.91697002,54.89830724,96
813307,-75.49097002,54.89920724,96
813324,-77.51727002,54.89620724,96
813343,-76.86697002,54.89630724,96
813360,-76.31637002,54.89590724,96
813361,-76.01717002,54.89620724,96
813362,-74.83522598,54.89566076,96
813374,-75.68657002,54.89320724,96
813375,-75.58187002,54.89680724,96
813388,-77.77127002,54.89840724,96
813389,-76.45137002,54.89570724,96
813401,-77.87677002,54.89360724,96
813402,-74.94862598,54.89536076,96
813415,-77.85267002,54.89490724,96
813416,-76.38717002,54.89510724,96
813417,-74.99472598,54.89486076,96
813429,-77.16287002,54.89400724,96
813430,-76.14407002,54.89390724,96
813431,-75.79327002,54.89370724,96
813452,-77.18727002,54.89330724,96
813453,-76.80857002,54.89380724,96
813454,-75.64297002,54.89600724,96
813469,-77.24677002,54.89270724,96
813485,-76.20127002,54.89270724,96
813522,-77.39287002,54.89250724,96
813523,-77.08667002,54.89450724,96
813524,-75.27337002,54.89410724,96
813530,-75.81767002,54.89250724,96
813531,-75.24222598,54.89656076,96
813532,-75.07862598,54.89146076,96
813533,-74.95352598,54.89226076,96
813550,-75.77567002,54.89010724,96
813551,-75.23222598,54.89046076,96
813566,-77.96697002,54.89050724,96
813567,-77.92497002,54.88840724,96
813568,-77.68427002,54.88670724,96
813569,-76.47237002,54.89780724,96
813570,-75.38907002,54.89000724,96
813588,-77.76317002,54.89050724,96
813589,-76.82887002,54.88950724,96
813590,-75.92447002,54.88690724,96
813615,-76.17447002,54.88860724,96
813616,-75.96887002,54.89140724,96
813634,-76.34057002,54.88650724,96
813651,-76.43937002,54.88630724,96
813662,-77.86547002,54.88840724,96
813663,-75.84537002,54.89160724,96
813664,-74.74802598,54.88936076,96
813689,-77.77167002,54.88780724,96
813690,-76.25997002,54.88710724,96
813691,-75.61687002,54.88450724,96
813692,-74.83242598,54.88606076,96
813714,-76.86697002,54.88310724,96
813730,-77.62857002,54.88600724,96
813731,-77.58997002,54.88520724,96
813732,-77.12577002,54.88770724,96
813733,-75.85917002,54.88710724,96
813734,-75.33627002,54.89100724,96
813735,-74.41952598,54.88456076,96
813750,-77.36587002,54.88760724,96
813751,-77.20917002,54.88470724,96
813752,-75.94647002,54.88360724,96
813767,-77.37967002,54.88390724,96
813768,-76.32597002,54.88060724,96
813769,-75.48267002,54.88380724,96
813770,-75.24092598,54.88466076,96
813771,-75.03112598,54.88516076,96
813782,-77.22527002,54.88170724,96
813783,-76.82057002,54.88290724,96
813784,-76.42237002,54.88200724,96
813785,-76.39857002,54.88370724,96
813786,-75.20622598,54.88526076,96
813806,-75.60307002,54.88490724,96
813807,-75.25632598,54.88676076,96
813823,-77.14567002,54.88310724,96
813824,-76.94877002,54.88650724,96
813825,-75.69617002,54.88220724,96
813839,-76.57777002,54.88280724,96
813840,-74.91002598,54.88096076,96
813859,-75.82197002,54.88550724,96
813877,-76.27477002,54.88140724,96
813878,-75.35147002,54.88110724,96
813894,-77.42867002,54.88070724,96
813895,-75.15282598,54.87976076,96
813916,-77.21257002,54.87580724,96
813917,-77.12567002,54.88070724,96
813918,-76.97887002,54.88000724,96
813919,-76.24827002,54.87670724,96
813920,-76.02697002,54.87610724,96
813921,-75.31067002,54.87940724,96
813922,-74.98082598,54.88206076,96
813923,-74.81082598,54.88186076,96
813934,-77.55507002,54.87950724,96
813935,-77.13807002,54.87840724,96
813945,-77.47457002,54.87480724,96
813946,-75.91647002,54.88130724,96
813947,-74.65572598,54.87776076,96
813967,-77.99897002,54.88010724,96
813968,-77.17937002,54.87950724,96
813969,-76.02187002,54.88070724,96
813970,-75.86827002,54.87910724,96
813971,-75.79737002,54.87910724,96
813972,-74.96022598,54.87786076,96
814001,-76.73227002,54.87900724,96
814002,-75.41177002,54.87910724,96
814022,-75.88467002,54.87750724,96
814023,-75.39577002,54.87770724,96
814024,-75.38107002,54.87880724,96
814025,-74.95462598,54.88406076,96
814026,-74.87372598,54.87966076,96
814038,-76.84977002,54.87830724,96
814060,-76.64877002,54.87690724,96
814061,-76.39077002,54.87480724,96
814062,-76.37167002,54.87650724,96
814063,-75.74267002,54.87530724,96
814078,-77.65367002,54.87460724,96
814079,-77.16647002,54.87870724,96
814080,-75.69357002,54.87570724,96
814102,-77.72127002,54.87230724,96
814103,-77.44017002,54.87450724,96
814104,-76.59707002,54.87050724,96
814105,-76.29207002,54.87270724,96
814106,-75.68317002,54.87330724,96
814107,-75.62777002,54.87410724,96
814108,-75.43677002,54.87450724,96
814109,-74.98042598,54.87446076,96
814123,-76.85177002,54.86830724,96
814124,-76.33897002,54.87180724,96
814125,-74.85402598,54.87366076,96
814126,-74.49212598,54.87256076,96
814142,-77.52737002,54.87840724,96
814143,-76.72087002,54.87310724,96
814144,-76.27897002,54.87810724,96
814145,-74.56152598,54.87616076,96
814159,-75.72977002,54.87430724,96
814177,-76.93347002,54.87470724,96
814178,-75.33807002,54.87400724,96
814191,-75.97517002,54.87300724,96
814192,-75.49047002,54.87340724,96
814205,-76.76357002,54.87240724,96
814206,-75.64277002,54.87240724,96
814235,-76.20447002,54.86820724,96
814236,-76.18877002,54.87090724,96
814259,-77.12487002,54.87180724,96
814260,-75.60197002,54.87110724,96
814261,-75.24922598,54.87116076,96
814278,-77.81987002,54.87250724,96
814279,-77.19107002,54.86710724,96
814280,-75.71897002,54.86410724,96
814281,-75.42387002,54.86710724,96
814282,-75.04152598,54.86906076,96
814302,-76.90617002,54.87460724,96
814303,-74.47402598,54.87016076,96
814322,-76.80287002,54.86800724,96
814323,-76.07807002,54.86750724,96
814332,-75.65937002,54.86890724,96
814357,-76.82647002,54.86850724,96
814358,-75.01472598,54.86916076,96
814368,-77.86317002,54.86400724,96
814369,-75.36577002,54.86940724,96
814370,-75.31767002,54.86820724,96
814371,-74.90252598,54.86386076,96
814381,-75.97567002,54.85360724,96
814401,-77.42217002,54.86580724,96
814402,-77.03817002,54.86970724,96
814403,-76.89527002,54.86130724,96
814404,-75.53477002,54.86480724,96
814417,-76.32437002,54.86910724,96
814436,-77.15177002,54.87430724,96
814437,-77.05887002,54.86760724,96
814438,-76.41037002,54.86570724,96
814451,-76.13367002,54.86630724,96
814452,-75.97677002,54.86770724,96
814453,-75.18562598,54.86676076,96
814454,-75.15362598,54.86656076,96
814472,-77.61327002,54.86410724,96
814493,-77.55347002,54.86450724,96
814494,-76.60247002,54.86360724,96
814518,-77.52007002,54.86360724,96
814519,-77.45197002,54.86410724,96
814520,-76.91767002,54.86470724,96
814521,-76.25947002,54.85940724,96
814522,-75.80167002,54.86670724,96
814523,-75.62067002,54.86380724,96
814538,-75.73527002,54.85610724,96
814539,-75.70007002,54.86330724,96
814558,-77.41937002,54.85950724,96
814559,-77.38097002,54.86030724,96
814560,-76.34957002,54.86120724,96
814561,-75.83897002,54.86360724,96
814562,-74.97952598,54.85936076,96
814580,-76.55817002,54.86490724,96
814581,-75.86577002,54.86600724,96
814598,-77.23607002,54.86400724,96
814599,-77.22227002,54.86210724,96
814600,-76.82367002,54.86040724,96
814601,-76.30387002,54.86130724,96
814617,-76.74317002,54.85970724,96
814618,-76.26277002,54.85520724,96
814619,-76.16717002,54.86660724,96
814620,-75.38877002,54.86840724,96
814621,-75.14392598,54.86156076,96
814622,-74.88002598,54.86116076,96
814660,-77.18617002,54.86010724,96
814661,-77.05997002,54.85930724,96
814662,-76.17157002,54.85730724,96
814663,-74.57192598,54.85986076,96
814681,-77.72917002,54.85990724,96
814682,-76.00327002,54.85920724,96
814683,-75.58847002,54.85980724,96
814703,-77.68317002,54.86250724,96
814704,-75.16652598,54.86006076,96
814705,-74.95972598,54.85636076,96
814721,-77.56187002,54.85790724,96
814722,-77.08257002,54.85630724,96
814723,-74.69792598,54.85856076,96
814735,-77.54297002,54.85930724,96
814768,-77.74027002,54.85820724,96
814769,-77.55237002,54.85750724,96
814770,-75.35697002,54.85210724,96
814786,-76.79887002,54.85680724,96
814787,-75.76877002,54.85610724,96
814788,-75.46117002,54.86000724,96
814789,-75.43907002,54.85670724,96
814790,-75.01132598,54.85526076,96
814811,-75.60807002,54.86040724,96
814821,-76.97447002,54.85440724,96
814845,-77.64817002,54.85580724,96
814846,-77.58317002,54.85420724,96
814847,-77.48677002,54.85450724,96
814861,-77.55627002,54.85240724,96
814862,-75.99587002,54.85400724,96
814863,-75.94177002,54.85630724,96
814864,-75.54837002,54.85480724,96
814865,-75.49687002,54.85270724,96
814866,-75.12852598,54.85036076,96
814895,-77.78807002,54.85430724,96
814896,-77.24087002,54.85230724,96
814897,-76.36037002,54.85430724,96
814898,-75.55977002,54.86050724,96
814912,-77.43857002,54.85420724,96
814913,-76.23177002,54.85310724,96
814925,-76.33637002,54.85480724,96
814926,-75.30727002,54.85280724,96
814941,-76.99097002,54.85140724,96
814942,-75.62667002,54.85210724,96
814970,-76.06447002,54.84980724,96
814990,-77.75337002,54.85020724,96
814991,-74.54572598,54.85026076,96
814992,-74.49402598,54.84906076,96
815012,-77.40157002,54.84780724,96
815013,-77.00757002,54.84880724,96
815014,-76.13817002,54.84920724,96
815015,-74.95502598,54.84396076,96
815040,-77.69897002,54.84130724,96
815041,-77.69257002,54.85060724,96
815042,-77.18517002,54.84980724,96
815043,-76.81007002,54.85140724,96
815044,-75.60527002,54.85050724,96
815045,-74.93052598,54.85136076,96
815060,-76.11767002,54.85040724,96
815061,-75.91137002,54.84880724,96
815062,-75.70017002,54.84970724,96
815076,-77.66097002,54.84930724,96
815077,-77.52207002,54.85120724,96
815078,-77.24017002,54.84650724,96
815079,-75.09652598,54.84316076,96
815080,-74.96922598,54.84856076,96
815104,-76.11937002,54.84600724,96
815105,-75.66117002,54.84940724,96
815106,-74.74682598,54.84786076,96
815123,-77.45447002,54.84810724,96
815124,-75.58437002,54.85080724,96
815125,-75.08002598,54.84396076,96
815126,-74.44922598,54.84606076,96
815145,-77.49767002,54.84480724,96
815146,-76.32977002,54.84630724,96
815147,-76.17527002,54.84570724,96
815148,-75.95937002,54.84290724,96
815149,-75.76117002,54.84660724,96
815150,-75.53897002,54.84500724,96
815167,-75.77697002,54.84580724,96
815168,-75.12112598,54.84656076,96
815188,-76.31297002,54.84440724,96
815189,-75.31057002,54.84580724,96
815190,-74.73432598,54.84476076,96
815208,-77.26427002,54.84650724,96
815209,-76.96517002,54.84770724,96
815210,-75.81417002,54.84830724,96
815222,-77.03527002,54.84470724,96
815223,-76.35967002,54.84560724,96
815224,-76.14027002,54.84440724,96
815240,-75.64317002,54.84440724,96
815241,-74.84882598,54.84446076,96
815254,-77.68497002,54.84330724,96
815255,-74.57752598,54.84376076,96
815274,-77.57757002,54.84340724,96
815275,-77.37887002,54.84000724,96
815276,-75.71187002,54.84320724,96
815277,-75.69977002,54.84270724,96
815278,-75.36667002,54.84310724,96
815300,-75.59627002,54.84290724,96
815319,-76.77827002,54.84220724,96
815320,-76.73367002,54.84380724,96
815321,-76.38627002,54.84260724,96
815339,-76.95337002,54.84270724,96
815340,-74.50052598,54.84086076,96
815349,-76.24937002,54.84360724,96
815365,-77.08177002,54.84140724,96
815366,-75.03492598,54.84106076,96
815377,-77.05577002,54.84000724,96
815396,-76.52617002,54.84060724,96
815397,-76.20607002,54.83970724,96
815398,-76.11137002,54.84190724,96
815399,-76.04587002,54.85000724,96
815400,-74.67012598,54.83986076,96
815411,-76.99117002,54.83910724,96
815412,-75.78607002,54.83890724,96
815413,-75.75407002,54.83840724,96
815429,-77.70587002,54.83850724,96
815430,-77.57677002,54.83900724,96
815431,-76.96567002,54.83950724,96
815432,-75.82637002,54.84050724,96
815453,-77.26317002,54.83760724,96
815454,-76.07717002,54.83780724,96
815455,-75.04602598,54.83956076,96
815467,-77.53087002,54.83500724,96
815468,-77.24257002,54.83010724,96
815469,-76.79877002,54.83710724,96
815470,-75.91497002,54.83980724,96
815471,-75.81927002,54.83650724,96
815472,-75.00162598,54.83336076,96
815483,-74.47842598,54.83836076,96
815506,-77.63697002,54.83680724,96
815507,-75.61147002,54.84010724,96
815508,-74.90732598,54.83056076,96
815523,-77.14577002,54.83550724,96
815524,-77.11267002,54.83590724,96
815525,-77.01137002,54.83570724,96
815526,-75.87447002,54.83880724,96
815543,-77.86217002,54.83570724,96
815544,-77.55497002,54.84220724,96
815545,-76.50417002,54.83600724,96
815569,-76.10577002,54.83480724,96
815591,-77.13867002,54.83230724,96
815592,-77.11777002,54.83030724,96
815593,-76.46587002,54.83400724,96
815594,-76.33037002,54.83720724,96
815595,-75.54357002,54.83940724,96
815610,-75.80837002,54.83060724,96
815611,-75.56687002,54.83260724,96
815612,-75.37597002,54.83240724,96
815631,-77.61837002,54.83210724,96
815632,-77.34947002,54.83560724,96
815633,-76.85497002,54.83580724,96
815634,-75.39857002,54.83210724,96
815635,-75.34687002,54.83250724,96
815649,-77.05977002,54.83230724,96
815668,-76.96707002,54.83070724,96
815669,-74.63262598,54.83496076,96
815687,-77.50727002,54.83220724,96
815688,-76.81987002,54.83280724,96
815689,-76.21937002,54.83490724,96
815690,-75.98857002,54.83400724,96
815706,-76.92217002,54.82930724,96
815730,-76.25667002,54.83130724,96
815731,-75.71127002,54.83150724,96
815732,-75.63357002,54.83080724,96
815733,-75.23792598,54.83146076,96
815734,-75.00772598,54.82596076,96
815756,-77.82307002,54.83070724,96
815757,-76.33677002,54.82810724,96
815758,-76.29907002,54.83130724,96
815759,-75.24772598,54.83056076,96
815779,-77.40397002,54.82900724,96
815780,-77.13037002,54.82830724,96
815781,-77.04447002,54.83240724,96
815782,-76.59367002,54.83150724,96
815783,-75.83537002,54.83160724,96
815784,-75.35347002,54.83000724,96
815785,-75.27827002,54.83000724,96
815786,-74.95762598,54.82866076,96
815808,-77.87867002,54.82880724,96
815809,-77.29417002,54.82930724,96
815810,-76.85627002,54.82570724,96
815811,-76.72617002,54.83090724,96
815812,-74.68742598,54.82526076,96
815831,-77.93047002,54.82570724,96
815832,-77.61137002,54.82610724,96
815833,-75.72297002,54.82810724,96
815834,-75.47737002,54.83370724,96
815850,-75.99147002,54.82560724,96
815862,-75.42857002,54.83300724,96
815883,-76.61207002,54.82880724,96
815884,-76.02367002,54.82890724,96
815885,-75.41797002,54.82790724,96
815886,-75.07592598,54.83016076,96
815902,-77.21917002,54.82630724,96
815903,-75.71247002,54.82530724,96
815904,-75.66227002,54.82700724,96
815905,-75.34557002,54.82680724,96
815927,-76.83637002,54.82700724,96
815928,-76.73837002,54.82540724,96
815929,-76.62177002,54.82650724,96
815930,-76.09877002,54.82720724,96
815931,-75.87217002,54.82740724,96
815932,-74.83562598,54.82376076,96
815933,-74.75892598,54.82856076,96
815956,-77.69447002,54.82650724,96
815957,-77.11857002,54.82490724,96
815958,-74.79192598,54.82636076,96
815978,-77.03577002,54.82640724,96
815979,-74.87502598,54.82516076,96
815980,-74.84802598,54.82266076,96
815995,-75.43177002,54.82560724,96
815996,-74.86292598,54.82406076,96
815997,-74.49972598,54.82326076,96
816010,-77.71097002,54.82450724,96
816011,-77.33057002,54.82550724,96
816012,-77.15267002,54.82600724,96
816013,-76.55457002,54.83020724,96
816014,-76.05917002,54.82600724,96
816015,-75.29797002,54.83080724,96
816030,-75.93997002,54.82500724,96
816043,-74.93152598,54.82306076,96
816055,-77.82547002,54.82350724,96
816056,-75.51877002,54.81680724,96
816057,-75.36887002,54.82350724,96
816058,-75.32197002,54.82270724,96
816059,-74.64952598,54.82116076,96
816079,-75.68207002,54.82300724,96
816080,-75.25482598,54.82226076,96
816098,-77.77467002,54.82070724,96
816099,-77.69237002,54.82140724,96
816100,-76.45367002,54.82190724,96
816113,-77.20767002,54.82180724,96
816114,-76.78997002,54.83400724,96
816115,-75.02472598,54.82156076,96
816127,-77.59597002,54.81900724,96
816128,-77.29517002,54.81910724,96
816129,-75.58587002,54.82080724,96
816130,-75.38137002,54.82150724,96
816151,-76.71297002,54.82220724,96
816152,-76.35677002,54.82150724,96
816153,-76.23367002,54.82200724,96
816154,-75.85427002,54.82160724,96
816155,-74.53542598,54.82326076,96
816167,-76.24467002,54.82360724,96
816168,-75.27617002,54.82030724,96
816178,-76.61767002,54.81850724,96
816179,-76.49137002,54.82040724,96
816180,-75.60367002,54.82110724,96
816181,-75.39587002,54.81990724,96
816198,-77.83227002,54.82110724,96
816199,-75.36407002,54.81900724,96
816200,-74.52962598,54.81936076,96
816230,-77.71577002,54.82020724,96
816231,-75.64517002,54.81780724,96
816247,-77.61197002,54.81800724,96
816248,-76.94407002,54.81270724,96
816249,-75.81247002,54.81600724,96
816250,-75.18112598,54.81706076,96
816262,-76.02547002,54.81920724,96
816263,-75.78747002,54.81600724,96
816276,-77.66457002,54.81880724,96
816277,-77.57377002,54.81600724,96
816278,-77.07057002,54.81520724,96
816279,-75.66237002,54.81670724,96
816280,-75.41337002,54.81710724,96
816292,-77.15297002,54.81650724,96
816293,-76.96697002,54.81550724,96
816304,-75.83457002,54.81430724,96
816305,-75.71927002,54.81720724,96
816323,-77.49017002,54.81510724,96
816324,-77.01387002,54.81480724,96
816325,-76.85707002,54.81330724,96
816326,-76.59867002,54.81550724,96
816327,-74.93322598,54.81646076,96
816328,-74.57282598,54.81836076,96
816349,-77.70727002,54.81630724,96
816350,-74.55962598,54.81826076,96
816392,-76.19397002,54.81690724,96
816403,-77.17587002,54.81380724,96
816404,-76.46347002,54.81370724,96
816405,-75.56237002,54.81500724,96
816406,-75.24952598,54.81096076,96
816407,-74.67912598,54.81306076,96
816408,-74.44972598,54.81266076,96
816430,-76.10177002,54.81270724,96
816431,-75.99677002,54.81010724,96
816432,-75.80547002,54.81180724,96
816433,-75.40587002,54.81020724,96
816453,-76.53107002,54.80970724,96
816454,-75.38767002,54.81260724,96
816455,-74.74472598,54.81416076,96
816471,-75.19792598,54.81276076,96
816472,-74.87322598,54.81576076,96
816473,-74.61722598,54.81536076,96
816474,-74.60232598,54.81376076,96
816475,-74.56612598,54.80566076,96
816508,-74.65892598,54.81116076,96
816520,-76.58917002,54.81060724,96
816521,-75.63977002,54.81050724,96
816522,-74.97862598,54.80556076,96
816523,-74.85122598,54.81236076,96
816548,-75.35627002,54.81100724,96
816562,-77.64517002,54.80690724,96
816563,-77.16947002,54.81020724,96
816564,-76.03707002,54.80820724,96
816578,-76.72607002,54.80750724,96
816579,-75.96077002,54.80820724,96
816580,-74.73472598,54.80586076,96
816581,-74.42752598,54.80876076,96
816599,-77.67627002,54.80800724,96
816600,-77.25757002,54.80590724,96
816601,-76.82087002,54.80200724,96
816602,-75.08132598,54.80986076,96
816603,-74.60072598,54.80106076,96
816604,-74.51722598,54.80826076,96
816614,-77.61627002,54.80960724,96
816615,-77.24217002,54.81170724,96
816616,-76.48567002,54.80770724,96
816617,-75.65587002,54.80660724,96
816632,-77.79697002,54.80890724,96
816633,-75.75797002,54.81000724,96
816634,-75.48277002,54.80790724,96
816635,-75.46447002,54.81210724,96
816636,-75.44927002,54.81330724,96
816646,-75.49607002,54.80750724,96
816647,-74.66652598,54.81116076,96
816666,-76.78387002,54.80560724,96
816667,-74.57822598,54.80716076,96
816689,-76.01307002,54.81060724,96
816690,-75.59487002,54.80840724,96
816691,-75.55797002,54.80720724,96
816709,-76.18177002,54.80560724,96
816710,-74.96492598,54.80386076,96
816711,-74.84432598,54.80556076,96
816726,-75.91637002,54.80680724,96
816727,-75.68027002,54.80450724,96
816728,-74.58772598,54.80446076,96
816750,-75.76307002,54.80460724,96
816751,-75.03162598,54.80426076,96
816752,-74.93712598,54.80296076,96
816753,-74.70532598,54.80216076,96
816766,-76.12707002,54.80320724,96
816782,-77.83147002,54.80380724,96
816783,-74.81792598,54.80806076,96
816795,-75.84417002,54.80500724,96
816811,-77.55197002,54.80610724,96
816825,-77.66057002,54.80270724,96
816826,-77.49917002,54.80190724,96
816827,-75.98037002,54.80350724,96
816828,-75.79627002,54.80170724,96
816829,-74.41822598,54.80076076,96
816840,-77.96507002,54.80110724,96
816841,-77.91097002,54.80190724,96
816842,-77.19057002,54.80410724,96
816843,-76.51577002,54.80210724,96
816844,-75.72707002,54.80300724,96
816845,-74.69522598,54.80106076,96
816846,-74.68252598,54.80186076,96
816863,-74.99482598,54.80156076,96
816864,-74.82072598,54.80116076,96
816884,-77.28587002,54.79790724,96
816885,-76.28797002,54.79960724,96
816904,-76.97347002,54.80000724,96
816905,-76.76067002,54.79640724,96
816906,-75.08702598,54.79656076,96
816907,-74.62422598,54.80056076,96
816925,-76.80677002,54.80130724,96
816926,-76.07987002,54.80090724,96
816927,-75.50167002,54.80060724,96
816945,-75.66267002,54.80090724,96
816966,-76.46267002,54.80110724,96
816967,-76.04987002,54.79910724,96
816968,-75.57587002,54.79830724,96
816969,-74.90742598,54.79856076,96
816985,-76.79107002,54.79570724,96
816986,-75.98797002,54.79700724,96
816987,-75.60047002,54.79800724,96
817009,-76.65317002,54.79880724,96
817010,-76.23697002,54.79810724,96
817025,-76.87337002,54.79580724,96
817045,-77.78327002,54.79650724,96
817046,-77.20247002,54.79710724,96
817047,-76.85047002,54.79740724,96
817048,-75.93467002,54.78940724,96
817049,-74.88352598,54.79546076,96
817065,-77.17867002,54.79580724,96
817066,-75.42397002,54.79460724,96
817067,-75.00412598,54.79486076,96
817068,-74.47952598,54.79516076,96
817078,-75.83877002,54.79730724,96
817079,-75.66647002,54.79470724,96
817080,-75.35777002,54.79710724,96
817081,-74.77922598,54.79736076,96
817098,-74.75792598,54.79676076,96
817119,-76.83887002,54.79500724,96
817120,-76.37947002,54.79380724,96
817121,-75.43457002,54.79910724,96
817141,-77.41677002,54.79400724,96
817142,-76.06537002,54.79500724,96
817143,-75.68907002,54.79410724,96
817144,-75.16462598,54.79816076,96
817156,-76.69667002,54.79470724,96
817157,-75.61747002,54.79510724,96
817158,-75.56307002,54.80040724,96
817172,-76.96817002,54.79280724,96
817173,-76.28067002,54.79410724,96
817174,-75.79677002,54.78690724,96
817175,-75.18062598,54.79376076,96
817195,-75.90087002,54.79960724,96
817196,-75.64627002,54.79620724,96
817211,-77.80057002,54.79040724,96
817212,-76.78027002,54.79190724,96
817213,-75.98807002,54.79080724,96
817214,-75.48147002,54.79100724,96
817234,-77.91817002,54.78960724,96
817235,-75.59437002,54.78900724,96
817236,-75.16282598,54.78826076,96
817246,-77.66287002,54.79250724,96
817247,-75.85527002,54.79290724,96
817262,-77.82247002,54.79250724,96
817263,-77.18557002,54.78950724,96
817264,-76.07907002,54.79100724,96
817265,-75.55507002,54.78960724,96
817280,-77.34737002,54.78840724,96
817281,-77.14067002,54.79130724,96
817300,-76.30087002,54.78800724,96
817301,-74.87702598,54.78966076,96
817319,-76.78697002,54.78210724,96
817320,-76.74047002,54.79110724,96
817321,-75.77607002,54.79150724,96
817322,-74.60672598,54.78936076,96
817348,-75.76607002,54.78480724,96
817349,-74.98092598,54.78726076,96
817384,-76.02607002,54.79020724,96
817385,-75.96687002,54.78350724,96
817396,-75.86377002,54.78920724,96
817397,-75.82217002,54.78910724,96
817421,-77.39247002,54.78780724,96
817422,-76.93317002,54.79060724,96
817423,-75.68197002,54.78680724,96
817424,-75.41267002,54.78720724,96
817434,-77.75517002,54.78660724,96
817435,-76.44427002,54.78790724,96
817436,-75.26542598,54.78776076,96
817437,-74.86932598,54.78626076,96
817452,-76.20277002,54.78610724,96
817453,-75.84537002,54.78520724,96
817454,-75.83217002,54.78300724,96
817455,-75.65857002,54.79090724,96
817456,-75.39657002,54.78540724,96
817478,-77.30707002,54.78690724,96
817479,-75.05082598,54.78396076,96
817494,-77.87147002,54.78300724,96
817495,-77.46587002,54.78520724,96
817496,-76.38717002,54.78450724,96
817497,-76.36297002,54.78640724,96
817498,-75.95167002,54.78060724,96
817513,-76.97287002,54.78060724,96
817529,-77.11947002,54.78260724,96
817530,-75.13352598,54.78446076,96
817531,-75.02372598,54.78026076,96
817539,-77.97027002,54.78440724,96
817540,-76.19627002,54.77930724,96
817541,-75.02222598,54.78626076,96
817558,-77.62077002,54.78230724,96
817559,-76.13027002,54.78970724,96
817578,-77.26697002,54.78180724,96
817579,-77.13357002,54.78340724,96
817580,-76.75927002,54.78360724,96
817581,-76.66357002,54.78370724,96
817582,-75.45987002,54.78700724,96
817600,-76.83027002,54.78060724,96
817609,-77.08607002,54.77810724,96
817610,-76.81007002,54.78170724,96
817611,-76.41557002,54.78160724,96
817612,-76.13537002,54.78060724,96
817662,-76.87337002,54.77860724,96
817663,-75.86387002,54.77640724,96
817664,-75.16162598,54.78066076,96
817665,-74.50842598,54.77716076,96
817692,-75.36977002,54.77780724,96
817693,-74.84272598,54.77756076,96
817710,-76.73887002,54.77680724,96
817711,-75.86177002,54.78410724,96
817712,-75.46557002,54.77960724,96
817728,-77.70087002,54.77870724,96
817729,-76.96177002,54.77860724,96
817730,-75.66867002,54.77810724,96
817731,-75.08982598,54.77926076,96
817732,-74.59542598,54.77936076,96
817733,-74.40782598,54.77846076,96
817760,-77.38177002,54.77710724,96
817761,-76.24677002,54.77890724,96
817762,-76.22647002,54.77760724,96
817763,-75.15492598,54.76976076,96
817802,-77.87957002,54.77500724,96
817803,-76.04527002,54.77750724,96
817804,-75.06082598,54.77506076,96
817822,-77.95647002,54.77260724,96
817828,-77.17937002,54.77300724,96
817829,-75.76977002,54.77240724,96
817845,-77.75027002,54.77850724,96
817846,-77.35977002,54.77460724,96
817847,-77.00947002,54.77710724,96
817848,-76.72737002,54.77670724,96
817849,-75.64387002,54.77400724,96
817850,-75.18152598,54.77836076,96
817851,-75.09402598,54.77376076,96
817852,-74.76512598,54.76796076,96
817871,-76.53467002,54.77960724,96
817872,-76.05727002,54.77470724,96
817873,-75.58497002,54.77390724,96
817890,-77.71527002,54.78050724,96
817891,-77.37167002,54.77310724,96
817892,-77.32647002,54.77390724,96
817893,-74.73212598,54.77196076,96
817919,-77.06787002,54.77290724,96
817920,-75.06582598,54.77276076,96
817936,-77.29787002,54.77200724,96
817937,-75.35877002,54.77160724,96
817960,-77.20457002,54.77330724,96
817961,-76.82767002,54.77210724,96
817962,-76.79257002,54.77170724,96
817963,-75.18022598,54.77146076,96
817987,-75.37537002,54.77260724,96
817999,-77.22277002,54.77220724,96
818000,-76.13157002,54.77200724,96
818001,-75.83197002,54.77010724,96
818002,-75.25952598,54.76656076,96
818016,-77.08177002,54.77000724,96
818017,-75.80387002,54.77200724,96
818031,-77.41117002,54.76940724,96
818032,-75.24382598,54.76986076,96
818046,-76.96637002,54.76910724,96
818047,-76.07087002,54.76930724,96
818048,-75.93617002,54.77030724,96
818070,-75.94667002,54.76810724,96
818071,-75.07142598,54.76866076,96
818089,-77.90797002,54.76520724,96
818090,-77.84097002,54.76840724,96
818091,-77.42757002,54.76650724,96
818092,-76.80787002,54.76760724,96
818093,-76.29037002,54.76820724,96
818094,-74.58742598,54.76836076,96
818112,-76.86977002,54.76630724,96
818113,-76.84927002,54.76740724,96
818114,-74.71352598,54.76586076,96
818142,-77.09207002,54.76670724,96
818143,-76.94567002,54.76670724,96
818144,-74.82092598,54.76336076,96
818154,-77.55557002,54.76460724,96
818155,-77.17247002,54.76460724,96
818156,-76.21947002,54.76260724,96
818157,-75.74147002,54.76740724,96
818166,-76.49627002,54.76680724,96
818167,-76.39387002,54.76870724,96
818168,-75.04782598,54.76646076,96
818187,-77.21217002,54.76570724,96
818188,-75.68247002,54.76780724,96
818189,-74.85032598,54.76976076,96
818198,-75.77947002,54.76540724,96
818215,-77.10307002,54.76470724,96
818216,-76.05737002,54.76500724,96
818217,-74.74252598,54.76056076,96
818242,-77.39687002,54.76380724,96
818250,-76.62587002,54.76070724,96
818270,-77.05267002,54.76190724,96
818271,-76.98897002,54.76190724,96
818272,-76.15157002,54.76230724,96
818273,-75.29147002,54.76190724,96
818283,-77.49677002,54.76120724,96
818284,-75.97837002,54.76450724,96
818285,-75.09432598,54.76016076,96
818286,-74.79202598,54.75536076,96
818298,-76.91217002,54.76470724,96
818299,-75.69807002,54.76260724,96
818300,-75.13272598,54.76326076,96
818301,-74.40712598,54.76736076,96
818335,-76.29497002,54.76240724,96
818353,-76.27297002,54.76050724,96
818354,-75.48757002,54.76040724,96
818400,-75.41017002,54.75720724,96
818421,-77.48117002,54.75950724,96
818422,-76.65177002,54.75790724,96
818447,-77.70617002,54.76020724,96
818448,-76.89647002,54.75920724,96
818449,-75.89657002,54.76030724,96
818450,-75.88207002,54.76280724,96
818459,-76.60387002,54.75020724,96
818460,-76.06807002,54.75830724,96
818461,-75.87127002,54.76070724,96
818462,-75.62747002,54.75920724,96
818463,-75.59397002,54.75750724,96
818481,-77.83477002,54.75600724,96
818482,-76.01087002,54.75790724,96
818500,-77.88987002,54.75670724,96
818501,-76.28427002,54.75380724,96
818516,-77.81907002,54.75660724,96
818517,-76.97607002,54.75570724,96
818518,-75.95997002,54.75880724,96
818519,-74.81082598,54.75536076,96
818533,-76.73637002,54.75480724,96
818546,-76.08587002,54.75350724,96
818547,-74.99302598,54.75596076,96
818567,-77.53867002,54.75290724,96
818579,-77.19707002,54.75260724,96
818580,-76.25217002,54.74300724,96
818581,-75.26702598,54.75346076,96
818582,-74.99022598,54.75346076,96
818583,-74.98112598,54.75486076,96
818591,-77.86377002,54.75570724,96
818601,-77.43037002,54.75320724,96
818602,-75.15762598,54.75556076,96
818623,-76.89807002,54.75450724,96
818624,-76.63887002,54.75210724,96
818625,-75.63727002,54.75430724,96
818626,-74.93642598,54.75246076,96
818643,-76.10607002,54.75220724,96
818644,-75.94207002,54.75110724,96
818645,-75.47797002,54.75350724,96
818661,-76.32707002,54.75160724,96
818662,-75.00012598,54.75236076,96
818691,-75.78317002,54.75000724,96
818738,-75.86717002,54.75120724,96
818760,-75.60597002,54.74870724,96
818761,-74.55132598,54.74936076,96
818798,-77.82807002,54.74800724,96
818816,-77.53647002,54.74710724,96
818817,-74.44912598,54.74486076,96
818834,-77.10037002,54.74720724,96
818835,-76.62807002,54.74200724,96
818836,-76.54677002,54.74530724,96
818837,-75.24262598,54.74686076,96
818838,-74.99082598,54.74586076,96
818853,-75.69147002,54.74590724,96
818869,-77.00737002,54.74780724,96
818870,-75.21602598,54.74686076,96
818885,-77.84337002,54.74600724,96
818886,-76.28287002,54.74620724,96
818887,-76.19657002,54.74630724,96
818888,-76.12717002,54.74830724,96
818889,-75.22432598,54.74846076,96
818890,-74.87342598,54.74596076,96
818904,-76.96517002,54.74430724,96
818905,-76.12237002,54.74530724,96
818906,-75.40407002,54.74410724,96
818925,-75.54107002,54.74590724,96
818926,-75.28417002,54.74610724,96
818927,-74.46642598,54.74676076,96
818947,-76.64117002,54.74210724,96
818948,-75.80017002,54.74360724,96
818949,-74.79352598,54.74006076,96
818973,-76.21927002,54.74340724,96
818974,-75.73837002,54.74350724,96
818975,-75.22082598,54.74206076,96
818989,-76.70227002,54.74270724,96
818990,-75.91297002,54.74120724,96
819002,-77.21257002,54.74170724,96
819013,-76.89007002,54.74400724,96
819014,-76.83917002,54.74300724,96
819015,-76.24687002,54.74050724,96
819021,-77.77157002,54.74280724,96
819022,-75.85967002,54.74230724,96
819023,-75.44377002,54.74240724,96
819024,-75.24842598,54.74146076,96
819044,-76.80897002,54.75420724,96
819045,-74.71072598,54.74186076,96
819067,-77.04587002,54.74010724,96
819068,-75.94277002,54.74460724,96
819082,-76.25677002,54.74000724,96
819083,-75.83457002,54.73630724,96
819098,-76.65237002,54.73890724,96
819099,-75.87597002,54.74650724,96
819100,-75.73447002,54.73840724,96
819101,-75.52297002,54.73940724,96
819119,-76.75287002,54.73840724,96
819120,-76.12317002,54.73880724,96
819121,-74.89562598,54.73696076,96
819152,-77.12087002,54.73640724,96
819184,-75.98587002,54.74030724,96
819185,-75.97317002,54.73780724,96
819200,-77.80437002,54.73860724,96
819201,-77.43327002,54.73540724,96
819202,-76.09827002,54.73640724,96
819203,-75.23402598,54.73596076,96
819225,-76.15857002,54.73960724,96
819248,-74.95392598,54.74266076,96
819274,-77.85427002,54.73190724,96
819288,-76.12887002,54.73200724,96
819289,-75.42307002,54.73590724,96
819301,-77.03017002,54.73810724,96
819302,-74.56382598,54.73146076,96
819315,-77.09407002,54.73340724,96
819316,-76.19037002,54.73070724,96
819317,-74.42862598,54.73466076,96
819325,-77.15707002,54.73590724,96
819326,-77.06617002,54.73450724,96
819327,-76.03637002,54.73310724,96
819340,-74.46122598,54.73256076,96
819357,-74.78712598,54.73026076,96
819393,-75.94307002,54.73020724,96
819394,-75.72017002,54.72950724,96
819401,-77.82017002,54.73060724,96
819402,-74.59122598,54.73086076,96
819419,-76.08367002,54.72870724,96
819435,-77.76677002,54.72820724,96
819436,-75.64597002,54.73140724,96
819473,-77.40067002,54.72770724,96
819474,-74.94122598,54.72406076,96
819475,-74.61092598,54.72946076,96
819513,-77.27987002,54.72710724,96
819525,-77.17117002,54.72670724,96
819526,-76.78367002,54.72670724,96
819527,-76.48887002,54.72710724,96
819528,-74.42762598,54.72816076,96
819545,-77.37077002,54.72590724,96
819546,-75.77067002,54.72300724,96
819568,-76.83677002,54.72540724,96
819569,-75.50867002,54.72680724,96
819570,-74.91312598,54.72546076,96
819591,-76.12917002,54.72160724,96
819603,-74.45502598,54.72516076,96
819620,-75.31777002,54.72570724,96
819621,-75.20282598,54.72536076,96
819642,-76.96357002,54.72330724,96
819643,-76.00177002,54.72060724,96
819666,-76.77697002,54.72190724,96
819667,-75.61987002,54.72130724,96
819668,-74.42572598,54.72236076,96
819688,-76.45537002,54.72220724,96
819689,-75.16212598,54.72126076,96
819698,-76.94217002,54.72050724,96
819710,-77.51207002,54.72060724,96
819711,-75.80447002,54.72130724,96
819712,-74.81322598,54.72206076,96
819742,-75.65937002,54.71910724,96
819743,-75.34377002,54.71550724,96
819764,-75.93687002,54.72070724,96
819780,-77.29277002,54.71600724,96
819797,-77.35387002,54.71850724,96
819798,-76.85157002,54.71500724,96
819823,-77.64117002,54.71740724,96
819824,-76.27597002,54.71820724,96
819846,-76.62487002,54.71480724,96
819847,-75.58607002,54.71320724,96
819863,-77.23427002,54.71530724,96
819864,-77.19947002,54.71520724,96
819865,-76.44927002,54.71570724,96
819866,-75.39587002,54.71740724,96
819867,-75.05722598,54.72116076,96
819868,-74.98912598,54.71576076,96
819882,-75.70887002,54.71850724,96
819883,-74.43842598,54.71556076,96
819900,-77.38937002,54.71640724,96
819901,-76.02787002,54.71730724,96
819902,-75.37217002,54.71730724,96
819903,-74.78232598,54.71866076,96
819920,-77.25037002,54.72150724,96
819921,-77.11247002,54.70810724,96
819922,-74.56662598,54.71376076,96
819942,-77.45407002,54.71470724,96
819943,-75.33537002,54.71620724,96
819944,-74.75782598,54.71516076,96
819959,-77.56587002,54.71510724,96
819960,-77.49817002,54.71470724,96
819961,-77.37527002,54.71240724,96
819962,-77.12157002,54.71420724,96
819963,-76.97677002,54.71240724,96
819964,-74.70542598,54.71366076,96
819990,-77.51197002,54.71310724,96
819991,-76.92117002,54.70870724,96
819992,-75.99677002,54.71320724,96
820006,-75.62947002,54.71170724,96
820007,-74.46092598,54.71526076,96
820029,-75.23622598,54.71106076,96
820042,-76.06867002,54.70660724,96
820063,-74.77902598,54.71176076,96
820081,-76.44037002,54.71090724,96
820082,-76.41927002,54.71080724,96
820083,-76.12537002,54.71130724,96
820084,-75.63507002,54.71100724,96
820109,-75.72807002,54.71200724,96
820110,-75.12562598,54.71006076,96
820127,-77.26987002,54.70960724,96
820128,-75.88207002,54.71010724,96
820129,-74.75972598,54.71036076,96
820143,-76.98697002,54.70740724,96
820165,-77.43587002,54.70660724,96
820166,-76.77887002,54.70780724,96
820167,-76.21107002,54.70930724,96
820168,-75.54727002,54.70810724,96
820169,-74.73802598,54.70886076,96
820178,-76.89007002,54.71020724,96
820179,-75.25162598,54.70896076,96
820187,-76.25307002,54.71070724,96
820210,-77.28077002,54.70760724,96
820211,-77.04897002,54.70710724,96
820212,-75.63207002,54.70590724,96
820236,-77.21557002,54.70440724,96
820237,-76.82547002,54.70720724,96
820238,-76.23997002,54.70610724,96
820239,-74.51872598,54.71096076,96
820259,-75.79467002,54.70300724,96
820260,-75.08562598,54.70666076,96
820275,-76.28387002,54.70580724,96
820276,-75.71167002,54.70510724,96
820277,-75.15612598,54.70596076,96
820278,-74.92762598,54.70506076,96
820279,-74.71422598,54.70676076,96
820280,-74.62362598,54.70546076,96
820300,-76.55817002,54.70470724,96
820301,-76.41747002,54.70670724,96
820325,-77.29997002,54.70320724,96
820326,-76.16477002,54.70130724,96
820327,-75.82387002,54.70330724,96
820328,-75.14582598,54.70426076,96
820329,-74.58342598,54.70296076,96
820358,-77.52867002,54.69990724,96
820359,-77.53427002,54.70570724,96
820360,-77.20547002,54.70540724,96
820361,-76.52097002,54.70550724,96
820362,-75.74567002,54.70700724,96
820378,-77.62377002,54.70520724,96
820379,-77.45287002,54.69890724,96
820380,-77.27147002,54.70350724,96
820392,-77.01417002,54.70120724,96
820393,-74.48112598,54.70146076,96
820406,-77.47757002,54.69910724,96
820407,-77.24737002,54.70190724,96
820408,-77.13937002,54.70320724,96
820409,-75.39987002,54.70200724,96
820410,-75.15932598,54.70006076,96
820431,-77.35017002,54.70110724,96
820432,-77.28547002,54.70070724,96
820433,-75.53217002,54.70280724,96
820452,-76.18097002,54.70060724,96
820453,-76.12937002,54.69830724,96
820454,-75.44197002,54.69970724,96
820455,-74.76342598,54.68916076,96
820479,-75.65127002,54.69960724,96
820480,-75.13682598,54.70046076,96
820519,-76.41947002,54.69960724,96
820520,-75.69097002,54.70080724,96
820521,-74.41922598,54.70276076,96
820547,-76.14147002,54.69950724,96
820565,-77.19067002,54.69720724,96
820566,-76.04677002,54.69160724,96
820567,-75.92537002,54.69680724,96
820591,-75.81777002,54.69580724,96
820592,-75.38217002,54.69840724,96
820617,-75.46837002,54.69690724,96
820628,-77.33877002,54.69280724,96
820629,-77.11097002,54.69850724,96
820630,-76.07247002,54.69670724,96
820665,-77.12987002,54.69590724,96
820666,-77.05637002,54.69460724,96
820667,-75.65807002,54.69600724,96
820668,-75.54097002,54.69470724,96
820684,-75.90557002,54.69460724,96
820685,-74.78212598,54.69406076,96
820686,-74.46972598,54.69986076,96
820696,-76.11457002,54.69760724,96
820713,-75.11992598,54.69506076,96
820714,-74.56102598,54.69706076,96
820729,-76.49167002,54.69490724,96
820730,-74.60732598,54.69626076,96
820741,-77.50627002,54.69020724,96
820756,-77.28317002,54.68470724,96
820757,-77.20737002,54.69500724,96
820758,-76.57357002,54.69080724,96
820759,-76.11357002,54.68900724,96
820760,-75.59117002,54.69580724,96
820777,-77.60337002,54.69250724,96
820778,-76.53267002,54.69210724,96
820779,-76.02587002,54.69290724,96
820801,-77.80607002,54.69100724,96
820802,-77.11067002,54.69020724,96
820803,-77.03957002,54.69030724,96
820804,-75.45487002,54.69290724,96
820821,-77.32227002,54.68790724,96
820822,-75.89517002,54.69280724,96
820829,-76.08747002,54.69220724,96
820830,-75.52847002,54.69500724,96
820831,-74.47362598,54.69246076,96
820849,-77.17137002,54.69130724,96
820866,-76.69767002,54.69050724,96
820867,-76.26277002,54.69790724,96
820868,-74.74832598,54.69066076,96
820889,-74.79042598,54.68766076,96
820900,-76.21967002,54.68920724,96
820901,-76.16447002,54.68930724,96
820902,-74.80612598,54.68946076,96
820903,-74.59832598,54.68866076,96
820917,-77.43617002,54.68780724,96
820918,-74.52942598,54.68496076,96
820941,-76.07537002,54.68840724,96
820942,-74.95452598,54.68286076,96
820958,-77.41987002,54.68270724,96
820959,-76.64897002,54.68710724,96
820960,-74.49452598,54.68846076,96
820971,-76.32957002,54.68970724,96
820988,-75.69587002,54.69050724,96
820989,-75.18712598,54.68746076,96
821003,-75.75167002,54.68660724,96
821004,-75.61567002,54.68950724,96
821005,-74.45232598,54.68666076,96
821019,-77.96117002,54.68610724,96
821020,-75.85787002,54.68580724,96
821035,-76.57807002,54.68560724,96
821036,-76.55637002,54.68460724,96
821037,-75.59457002,54.68540724,96
821038,-75.17422598,54.68526076,96
821051,-76.90007002,54.68500724,96
821063,-76.87217002,54.68410724,96
821064,-75.45937002,54.68450724,96
821065,-75.38647002,54.68610724,96
821081,-77.16447002,54.68330724,96
821082,-76.86217002,54.68520724,96
821083,-76.68157002,54.68560724,96
821084,-76.19057002,54.68910724,96
821085,-75.88627002,54.68320724,96
821086,-75.82607002,54.68260724,96
821087,-75.58787002,54.67300724,96
821088,-75.37737002,54.68380724,96
821089,-75.03472598,54.68796076,96
821090,-74.61772598,54.67806076,96
821101,-77.25167002,54.68170724,96
821102,-75.91687002,54.68090724,96
821103,-74.92272598,54.68316076,96
821104,-74.51192598,54.68116076,96
821119,-76.24907002,54.68350724,96
821120,-75.31707002,54.68280724,96
821154,-77.19237002,54.68170724,96
821155,-75.42897002,54.68190724,96
821171,-76.90807002,54.68130724,96
821191,-77.82287002,54.68030724,96
821192,-77.35087002,54.68320724,96
821193,-76.74907002,54.67930724,96
821194,-75.17122598,54.67876076,96
821216,-77.49047002,54.68040724,96
821217,-76.58407002,54.68000724,96
821218,-75.87317002,54.68110724,96
821219,-75.33757002,54.67870724,96
821220,-74.81212598,54.68026076,96
821244,-77.60087002,54.67900724,96
821245,-77.16817002,54.68010724,96
821246,-75.47697002,54.67900724,96
821247,-75.13682598,54.67876076,96
821248,-74.90012598,54.67906076,96
821266,-77.19837002,54.67770724,96
821267,-75.99377002,54.67810724,96
821288,-75.29847002,54.68050724,96
821304,-76.96837002,54.67890724,96
821305,-75.68927002,54.67910724,96
821306,-75.54327002,54.67830724,96
821307,-75.50077002,54.67520724,96
821308,-74.96212598,54.67536076,96
821309,-74.78132598,54.67886076,96
821327,-77.26337002,54.67560724,96
821351,-77.40357002,54.67180724,96
821352,-77.23587002,54.67600724,96
821353,-74.48742598,54.67916076,96
821354,-74.45282598,54.67786076,96
821371,-76.14307002,54.67680724,96
821389,-75.95597002,54.67530724,96
821390,-75.86047002,54.67580724,96
821415,-77.29747002,54.67650724,96
821416,-75.61797002,54.67820724,96
821417,-74.78732598,54.67506076,96
821454,-77.37027002,54.67690724,96
821455,-76.22367002,54.67740724,96
821456,-74.75832598,54.67716076,96
821473,-75.87787002,54.67410724,96
821474,-75.59807002,54.67270724,96
821491,-76.50887002,54.67370724,96
821504,-77.15547002,54.67310724,96
821505,-76.20817002,54.67190724,96
821506,-75.73197002,54.67340724,96
821507,-75.52167002,54.67340724,96
821508,-74.71102598,54.67236076,96
821533,-77.48357002,54.67410724,96
821555,-75.29337002,54.67140724,96
821556,-74.49602598,54.67256076,96
821577,-77.06877002,54.67050724,96
821598,-76.45427002,54.66990724,96
821599,-75.23752598,54.67066076,96
821600,-75.11122598,54.67016076,96
821601,-74.93462598,54.66696076,96
821602,-74.69582598,54.66956076,96
821616,-76.16967002,54.67060724,96
821617,-74.74562598,54.67176076,96
821618,-74.40152598,54.67166076,96
821630,-77.52847002,54.67420724,96
821631,-76.01137002,54.67100724,96
821645,-75.63797002,54.67190724,96
821662,-77.15597002,54.66940724,96
821663,-75.38247002,54.66980724,96
821664,-74.95012598,54.67116076,96
821679,-77.42127002,54.66840724,96
821680,-76.47787002,54.66590724,96
821681,-74.77042598,54.67046076,96
821704,-77.21937002,54.66680724,96
821705,-76.83647002,54.66690724,96
821706,-76.75697002,54.66800724,96
821707,-74.65462598,54.66706076,96
821726,-74.88432598,54.66756076,96
821749,-75.60877002,54.66420724,96
821750,-74.59032598,54.66256076,96
821784,-74.45842598,54.66936076,96
821801,-77.20837002,54.66590724,96
821802,-75.66357002,54.66100724,96
821823,-77.12747002,54.66570724,96
821824,-75.97847002,54.66340724,96
821841,-77.96817002,54.66990724,96
821842,-77.00807002,54.66970724,96
821857,-76.64987002,54.66340724,96
821858,-75.11092598,54.66386076,96
821859,-74.81702598,54.66406076,96
821860,-74.53372598,54.66406076,96
821875,-76.00797002,54.66210724,96
821876,-75.51737002,54.66380724,96
821877,-74.88982598,54.66276076,96
821903,-77.28357002,54.66300724,96
821904,-76.72187002,54.66140724,96
821905,-76.58267002,54.66050724,96
821906,-75.27022598,54.66116076,96
821925,-77.71237002,54.66130724,96
821926,-76.52557002,54.65950724,96
821927,-75.64727002,54.66400724,96
821928,-75.62417002,54.65990724,96
821929,-75.42937002,54.66150724,96
821930,-74.97492598,54.66006076,96
821931,-74.83722598,54.66186076,96
821945,-77.26597002,54.66220724,96
821946,-77.24127002,54.66760724,96
821947,-76.75547002,54.66210724,96
821948,-75.48527002,54.65680724,96
821949,-74.69972598,54.66316076,96
821950,-74.51992598,54.66606076,96
821964,-76.87717002,54.65860724,96
821965,-76.83017002,54.67080724,96
821966,-76.04517002,54.66170724,96
821979,-77.45087002,54.66220724,96
821980,-77.20497002,54.66090724,96
821981,-74.95412598,54.66006076,96
821982,-74.45972598,54.66416076,96
822001,-77.01237002,54.65980724,96
822002,-75.38957002,54.65960724,96
822022,-77.90497002,54.66230724,96
822023,-75.46117002,54.65930724,96
822024,-74.80482598,54.66486076,96
822037,-76.69407002,54.65510724,96
822038,-75.05172598,54.65776076,96
822056,-77.54287002,54.65870724,96
822057,-75.83117002,54.65900724,96
822076,-77.64557002,54.65880724,96
822077,-76.36037002,54.65560724,96
822078,-75.86647002,54.65750724,96
822079,-75.58037002,54.65540724,96
822080,-75.22782598,54.65666076,96
822102,-77.47067002,54.65900724,96
822103,-76.68567002,54.65920724,96
822123,-77.31057002,54.66190724,96
822124,-76.91347002,54.65860724,96
822125,-76.02767002,54.65750724,96
822149,-74.79362598,54.65696076,96
822150,-74.63852598,54.65706076,96
822151,-74.50792598,54.65636076,96
822170,-76.47037002,54.65210724,96
822171,-75.72147002,54.65580724,96
822184,-77.07077002,54.65570724,96
822185,-76.44097002,54.65040724,96
822186,-75.44317002,54.65670724,96
822207,-76.14107002,54.65630724,96
822229,-76.42117002,54.65800724,96
822230,-76.00567002,54.65560724,96
822231,-74.99942598,54.65206076,96
822232,-74.91902598,54.65476076,96
822247,-75.74777002,54.65450724,96
822248,-75.43967002,54.65200724,96
822262,-76.25297002,54.65550724,96
822263,-75.21412598,54.65466076,96
822276,-75.54147002,54.65340724,96
822290,-77.31957002,54.65320724,96
822291,-77.02987002,54.65320724,96
822292,-76.66927002,54.65290724,96
822293,-75.91527002,54.65340724,96
822308,-77.82597002,54.65330724,96
822309,-76.81567002,54.65360724,96
822325,-77.14707002,54.65210724,96
822326,-76.13927002,54.65130724,96
822327,-76.03857002,54.65220724,96
822328,-74.43412598,54.65856076,96
822342,-77.59867002,54.65080724,96
822343,-77.42547002,54.64930724,96
822344,-75.78607002,54.65110724,96
822345,-74.86742598,54.64326076,96
822346,-74.65712598,54.65226076,96
822347,-74.46022598,54.65126076,96
822362,-77.19537002,54.65020724,96
822363,-76.66727002,54.64670724,96
822364,-75.69697002,54.65070724,96
822386,-77.23927002,54.65660724,96
822387,-76.37567002,54.64930724,96
822414,-76.84007002,54.65130724,96
822415,-76.01547002,54.64900724,96
822416,-75.84327002,54.65080724,96
822417,-75.24742598,54.65126076,96
822418,-75.06682598,54.65406076,96
822419,-75.03132598,54.65146076,96
822428,-74.53162598,54.65076076,96
822437,-75.29447002,54.64450724,96
822453,-75.21742598,54.64876076,96
822454,-74.60342598,54.64846076,96
822469,-75.73987002,54.64780724,96
822470,-75.36027002,54.64760724,96
822471,-74.82772598,54.64776076,96
822483,-75.78987002,54.64650724,96
822484,-75.69527002,54.64610724,96
822485,-75.17732598,54.64716076,96
822486,-75.16222598,54.64696076,96
822509,-77.91617002,54.64690724,96
822510,-75.42737002,54.64950724,96
822511,-74.99162598,54.64506076,96
822512,-74.84502598,54.64166076,96
822529,-77.16767002,54.64310724,96
822530,-75.70917002,54.64730724,96
822531,-75.65357002,54.64190724,96
822544,-75.91747002,54.64800724,96
822551,-75.37797002,54.64590724,96
822552,-75.04762598,54.64056076,96
822553,-74.58762598,54.64696076,96
822563,-76.06377002,54.64170724,96
822564,-75.54927002,54.64680724,96
822565,-75.26102598,54.64646076,96
822579,-77.19037002,54.64440724,96
822596,-77.59197002,54.64350724,96
822597,-76.88647002,54.64220724,96
822598,-74.90312598,54.64446076,96
822621,-75.45607002,54.64420724,96
822642,-77.44987002,54.64430724,96
822643,-77.30617002,54.64170724,96
822644,-76.62547002,54.64650724,96
822645,-76.47627002,54.64170724,96
822646,-75.72937002,54.64160724,96
822647,-74.81202598,54.64286076,96
822673,-77.26957002,54.64240724,96
822674,-75.40537002,54.64540724,96
822710,-76.41337002,54.64580724,96
822711,-76.25687002,54.63920724,96
822712,-75.63037002,54.64070724,96
822713,-75.59987002,54.64040724,96
822714,-75.12672598,54.64186076,96
822715,-75.02032598,54.64146076,96
822734,-77.61447002,54.64130724,96
822735,-77.14317002,54.63950724,96
822736,-75.51317002,54.64250724,96
822750,-77.57087002,54.63660724,96
822751,-76.69817002,54.64020724,96
822752,-76.52417002,54.64490724,96
822753,-74.96372598,54.64036076,96
822768,-76.48497002,54.64190724,96
822769,-75.88257002,54.63970724,96
822770,-75.33967002,54.64550724,96
822784,-77.91617002,54.63920724,96
822785,-77.25297002,54.63670724,96
822786,-76.83247002,54.64210724,96
822805,-75.92527002,54.63460724,96
822822,-77.32987002,54.63620724,96
822823,-76.64947002,54.63810724,96
822824,-76.30037002,54.63900724,96
822825,-74.50832598,54.63706076,96
822845,-75.76417002,54.63380724,96
822846,-75.08392598,54.63666076,96
822863,-75.54107002,54.63870724,96
822864,-75.49737002,54.63870724,96
822865,-74.99282598,54.63936076,96
822876,-77.71697002,54.63730724,96
822877,-76.85007002,54.63750724,96
822893,-77.46707002,54.63610724,96
822907,-76.89377002,54.63600724,96
822908,-76.45347002,54.63880724,96
822925,-75.84647002,54.63530724,96
822945,-77.05347002,54.63720724,96
822946,-76.81537002,54.63500724,96
822947,-75.46857002,54.63890724,96
822966,-76.17107002,54.62940724,96
822990,-76.05857002,54.63180724,96
822991,-75.56647002,54.63880724,96
822992,-75.43987002,54.63390724,96
823008,-77.15507002,54.63470724,96
823009,-76.74877002,54.63000724,96
823018,-77.51367002,54.63290724,96
823019,-76.46437002,54.63300724,96
823020,-75.71797002,54.63330724,96
823021,-75.69287002,54.63360724,96
823022,-75.58647002,54.63450724,96
823023,-75.38737002,54.63690724,96
823037,-76.23697002,54.63420724,96
823038,-75.51597002,54.63290724,96
823039,-74.92312598,54.63496076,96
823040,-74.73552598,54.63206076,96
823041,-74.49962598,54.63446076,96
823056,-77.53757002,54.63390724,96
823057,-76.94787002,54.62990724,96
823058,-76.70087002,54.63170724,96
823059,-76.58797002,54.63120724,96
823060,-75.91477002,54.63080724,96
823061,-75.36987002,54.63170724,96
823078,-77.55797002,54.62960724,96
823079,-77.43857002,54.63160724,96
823080,-76.97307002,54.62330724,96
823081,-75.04482598,54.63506076,96
823100,-76.63287002,54.63420724,96
823101,-76.51077002,54.61760724,96
823102,-76.43897002,54.63000724,96
823103,-75.52707002,54.63280724,96
823104,-75.46807002,54.63080724,96
823131,-77.69167002,54.62810724,96
823132,-76.24977002,54.63070724,96
823151,-76.58517002,54.62560724,96
823167,-75.62687002,54.62770724,96
823184,-76.97517002,54.63030724,96
823185,-76.92257002,54.62970724,96
823186,-76.86187002,54.63160724,96
823195,-77.88937002,54.62910724,96
823196,-75.13702598,54.62766076,96
823227,-75.69177002,54.62480724,96
823228,-75.54117002,54.62880724,96
823229,-75.07182598,54.62816076,96
823248,-76.46217002,54.62540724,96
823249,-74.74182598,54.62716076,96
823265,-77.08507002,54.62690724,96
823266,-76.37587002,54.62630724,96
823282,-77.18887002,54.62500724,96
823283,-76.96487002,54.62780724,96
823284,-75.26542598,54.62586076,96
823285,-74.88672598,54.62406076,96
823300,-77.74217002,54.62740724,96
823301,-77.60147002,54.62640724,96
823302,-77.58037002,54.62570724,96
823303,-77.13587002,54.62440724,96
823304,-75.86187002,54.62520724,96
823305,-74.63662598,54.62596076,96
823333,-75.83367002,54.62790724,96
823346,-77.52527002,54.62880724,96
823347,-77.04527002,54.63020724,96
823348,-74.98832598,54.63186076,96
823349,-74.76942598,54.62646076,96
823350,-74.68802598,54.63266076,96
823370,-77.46557002,54.62490724,96
823371,-76.31457002,54.62880724,96
823384,-77.17087002,54.62180724,96
823385,-76.69687002,54.62400724,96
823386,-75.81297002,54.62320724,96
823387,-74.46482598,54.62546076,96
823404,-77.61827002,54.62800724,96
823405,-77.42677002,54.62370724,96
823406,-75.49587002,54.62640724,96
823428,-77.94167002,54.62270724,96
823429,-77.64817002,54.62290724,96
823430,-77.15947002,54.62450724,96
823431,-77.11747002,54.62260724,96
823432,-76.44807002,54.62330724,96
823433,-75.77177002,54.61880724,96
823453,-74.79082598,54.61756076,96
823473,-76.09917002,54.61770724,96
823474,-75.57527002,54.62170724,96
823497,-77.85157002,54.61800724,96
823498,-76.89217002,54.62080724,96
823499,-76.87077002,54.61760724,96
823500,-76.49237002,54.61400724,96
823501,-76.31397002,54.62220724,96
823502,-75.83137002,54.62030724,96
823503,-74.85692598,54.62456076,96
823514,-77.26287002,54.62140724,96
823515,-76.44657002,54.61900724,96
823516,-74.87652598,54.61846076,96
823532,-76.86547002,54.62460724,96
823533,-76.05727002,54.62050724,96
823534,-75.45547002,54.62140724,96
823535,-74.54412598,54.61966076,96
823549,-77.47837002,54.62080724,96
823550,-77.43697002,54.62150724,96
823551,-75.00522598,54.62976076,96
823566,-75.49577002,54.61750724,96
823567,-75.35667002,54.61970724,96
823568,-74.73172598,54.61926076,96
823589,-76.47347002,54.61900724,96
823610,-77.72057002,54.61720724,96
823611,-76.99067002,54.61620724,96
823612,-76.82557002,54.61840724,96
823613,-76.13247002,54.61940724,96
823627,-77.24327002,54.61720724,96
823628,-77.21837002,54.61740724,96
823629,-75.89097002,54.61800724,96
823654,-77.30497002,54.61070724,96
823655,-75.88667002,54.61630724,96
823656,-74.95762598,54.61656076,96
823673,-74.44162598,54.61466076,96
823692,-77.14267002,54.61710724,96
823693,-76.94507002,54.61770724,96
823694,-74.66792598,54.61906076,96
823710,-77.25077002,54.61810724,96
823711,-76.69247002,54.61790724,96
823712,-76.65557002,54.61880724,96
823713,-76.41067002,54.61900724,96
823732,-77.42157002,54.61500724,96
823733,-74.48632598,54.61766076,96
823756,-75.95007002,54.61480724,96
823765,-76.74267002,54.61530724,96
823766,-76.05677002,54.61350724,96
823774,-77.09847002,54.62270724,96
823775,-74.67492598,54.60886076,96
823786,-77.65547002,54.61400724,96
823787,-75.75007002,54.61360724,96
823803,-77.71197002,54.61080724,96
823804,-77.52777002,54.61130724,96
823805,-76.89817002,54.61170724,96
823823,-77.11837002,54.61460724,96
823824,-75.60477002,54.61690724,96
823840,-76.84457002,54.61410724,96
823841,-76.01017002,54.61180724,96
823842,-75.86347002,54.61130724,96
823843,-75.33227002,54.61310724,96
823858,-76.91127002,54.61150724,96
823859,-76.56317002,54.61320724,96
823870,-75.44847002,54.61110724,96
823871,-74.61282598,54.61076076,96
823872,-74.48532598,54.61066076,96
823887,-76.93167002,54.60890724,96
823888,-75.78967002,54.60650724,96
823910,-76.36317002,54.60900724,96
823911,-75.59067002,54.61340724,96
823912,-75.36237002,54.60930724,96
823934,-76.98567002,54.60870724,96
823935,-75.77667002,54.60940724,96
823936,-75.71557002,54.60670724,96
823969,-77.15927002,54.60840724,96
823970,-76.38707002,54.60990724,96
823971,-75.46877002,54.60870724,96
823985,-76.45677002,54.61190724,96
823998,-77.84587002,54.61000724,96
823999,-77.59267002,54.60520724,96
824000,-76.54417002,54.60970724,96
824001,-76.06017002,54.60830724,96
824002,-75.95347002,54.60730724,96
824003,-74.75622598,54.61176076,96
824026,-76.73707002,54.60760724,96
824027,-74.64542598,54.60996076,96
824039,-76.91627002,54.60750724,96
824040,-74.41752598,54.60826076,96
824055,-77.51187002,54.60990724,96
824056,-76.41707002,54.60650724,96
824057,-74.67262598,54.60596076,96
824058,-74.45512598,54.61106076,96
824100,-75.70957002,54.60510724,96
824101,-75.52947002,54.60270724,96
824115,-77.49007002,54.60330724,96
824116,-76.77957002,54.60250724,96
824117,-75.41187002,54.60340724,96
824145,-77.36407002,54.60490724,96
824146,-77.08477002,54.60220724,96
824147,-75.66157002,54.60350724,96
824148,-75.37357002,54.60320724,96
824164,-77.66427002,54.60470724,96
824165,-77.39097002,54.60600724,96
824166,-75.96027002,54.60290724,96
824167,-74.85782598,54.60376076,96
824168,-74.79292598,54.60386076,96
824188,-77.33267002,54.60160724,96
824189,-77.26667002,54.61030724,96
824190,-76.74067002,54.60280724,96
824191,-75.55837002,54.60200724,96
824192,-74.74332598,54.60086076,96
824215,-75.99817002,54.60110724,96
824216,-75.79997002,54.60220724,96
824217,-74.92692598,54.59986076,96
824218,-74.47462598,54.60376076,96
824225,-77.24617002,54.60570724,96
824226,-74.56442598,54.60166076,96
824249,-74.68382598,54.60176076,96
824273,-77.11087002,54.59850724,96
824274,-75.24852598,54.60076076,96
824275,-75.19382598,54.60046076,96
824276,-75.13392598,54.60276076,96
824291,-77.54027002,54.59930724,96
824292,-76.75327002,54.59960724,96
824293,-75.73367002,54.59650724,96
824309,-76.87927002,54.60160724,96
824310,-76.73197002,54.60050724,96
824311,-76.45827002,54.60100724,96
824329,-76.70167002,54.60090724,96
824330,-75.88127002,54.60070724,96
824331,-75.56827002,54.60130724,96
824332,-75.08072598,54.59966076,96
824355,-76.61197002,54.59840724,96
824356,-74.95462598,54.59936076,96
824373,-77.77637002,54.60420724,96
824374,-75.25982598,54.59886076,96
824390,-76.47857002,54.59710724,96
824391,-75.10472598,54.60096076,96
824392,-74.70002598,54.59836076,96
824414,-77.00877002,54.59850724,96
824415,-76.90767002,54.60060724,96
824416,-76.89407002,54.59520724,96
824417,-76.25937002,54.59700724,96
824418,-76.03737002,54.59590724,96
824439,-76.71347002,54.59950724,96
824455,-75.56687002,54.59540724,96
824488,-77.74467002,54.59580724,96
824489,-77.32157002,54.59410724,96
824490,-77.31017002,54.59570724,96
824491,-76.58057002,54.60130724,96
824492,-76.43877002,54.59650724,96
824493,-76.33837002,54.59590724,96
824494,-76.11287002,54.59480724,96
824495,-75.29777002,54.59680724,96
824496,-74.52662598,54.59376076,96
824519,-77.41597002,54.59570724,96
824520,-76.80297002,54.59620724,96
824521,-75.45557002,54.59590724,96
824522,-74.91582598,54.59456076,96
824523,-74.49012598,54.59106076,96
824537,-77.24967002,54.59510724,96
824538,-76.40957002,54.59420724,96
824539,-75.43297002,54.59710724,96
824557,-76.72687002,54.59350724,96
824558,-74.76022598,54.59496076,96
824591,-75.76977002,54.59220724,96
824607,-77.12827002,54.59380724,96
824626,-76.60317002,54.59400724,96
824627,-75.39607002,54.59580724,96
824642,-77.22997002,54.59520724,96
824643,-76.43027002,54.59310724,96
824644,-75.97237002,54.59580724,96
824645,-74.42952598,54.59406076,96
824659,-77.84097002,54.59210724,96
824660,-77.36097002,54.59180724,96
824661,-75.63307002,54.58990724,96
824662,-75.09672598,54.59016076,96
824663,-74.87512598,54.59076076,96
824681,-75.52577002,54.59020724,96
824682,-75.46897002,54.59110724,96
824683,-75.18552598,54.58946076,96
824704,-76.05197002,54.58330724,96
824705,-75.22042598,54.58966076,96
824706,-75.07722598,54.59066076,96
824707,-74.77462598,54.59046076,96
824733,-76.90237002,54.58880724,96
824734,-75.27392598,54.59486076,96
824748,-77.62807002,54.58490724,96
824749,-77.10677002,54.58770724,96
824767,-77.36577002,54.58530724,96
824768,-77.07397002,54.58300724,96
824769,-75.25432598,54.58736076,96
824785,-77.17607002,54.58620724,96
824816,-77.49917002,54.59200724,96
824817,-77.41537002,54.58680724,96
824818,-76.92947002,54.58670724,96
824819,-76.72967002,54.58650724,96
824820,-76.00987002,54.58640724,96
824821,-75.37047002,54.58930724,96
824842,-76.96807002,54.58740724,96
824843,-76.12907002,54.58990724,96
824844,-74.86142598,54.58596076,96
824857,-76.99807002,54.58790724,96
824858,-75.75077002,54.58610724,96
824883,-77.66787002,54.58650724,96
824884,-76.29897002,54.58410724,96
824885,-74.96162598,54.58456076,96
824906,-77.74487002,54.58780724,96
824907,-76.48077002,54.58920724,96
824908,-76.25987002,54.58300724,96
824909,-75.12252598,54.58476076,96
824925,-75.77667002,54.58630724,96
824926,-75.16302598,54.58236076,96
824952,-77.53457002,54.58580724,96
824953,-76.39557002,54.58280724,96
824971,-76.67747002,54.58250724,96
824972,-75.26502598,54.57966076,96
824973,-75.03412598,54.58516076,96
824990,-76.10027002,54.58020724,96
824991,-74.91002598,54.58446076,96
825011,-76.98287002,54.58460724,96
825012,-76.12357002,54.58010724,96
825013,-75.08082598,54.58166076,96
825014,-74.56042598,54.58126076,96
825059,-75.59237002,54.57940724,96
825081,-77.30387002,54.57820724,96
825082,-77.23037002,54.57960724,96
825083,-76.90257002,54.57730724,96
825084,-76.89547002,54.58180724,96
825085,-75.32307002,54.57800724,96
825086,-74.88612598,54.58106076,96
825108,-77.74647002,54.58160724,96
825109,-75.92717002,54.57670724,96
825127,-77.09667002,54.57980724,96
825128,-76.42387002,54.57920724,96
825129,-75.70947002,54.57910724,96
825130,-75.20842598,54.58106076,96
825147,-76.83577002,54.57900724,96
825148,-74.81282598,54.57886076,96
825188,-77.15627002,54.57720724,96
825189,-76.20597002,54.57720724,96
825205,-77.24787002,54.57680724,96
825206,-76.71897002,54.57950724,96
825207,-76.48227002,54.57560724,96
825208,-76.31697002,54.57790724,96
825231,-77.58037002,54.57570724,96
825232,-77.42377002,54.57630724,96
825233,-77.19637002,54.57650724,96
825254,-77.46757002,54.57610724,96
825255,-77.29687002,54.57450724,96
825256,-76.08977002,54.57440724,96
825283,-75.39647002,54.57330724,96
825284,-75.34327002,54.57530724,96
825285,-75.01902598,54.57116076,96
825286,-74.56612598,54.57026076,96
825304,-76.06137002,54.57910724,96
825325,-76.66807002,54.57310724,96
825326,-75.28337002,54.57510724,96
825351,-77.36917002,54.57360724,96
825352,-76.45627002,54.57410724,96
825353,-75.87807002,54.57440724,96
825354,-75.19882598,54.56956076,96
825355,-74.41972598,54.57416076,96
825369,-75.46337002,54.57090724,96
825370,-74.61462598,54.57286076,96
825388,-77.39707002,54.57300724,96
825389,-76.41907002,54.57310724,96
825390,-74.90722598,54.57206076,96
825406,-77.89147002,54.57100724,96
825435,-75.04802598,54.57176076,96
825454,-77.29437002,54.56760724,96
825455,-76.32547002,54.57090724,96
825456,-76.21307002,54.57080724,96
825457,-75.54347002,54.57090724,96
825458,-75.31537002,54.57110724,96
825471,-76.86287002,54.56930724,96
825487,-76.97837002,54.57170724,96
825488,-76.73637002,54.57000724,96
825489,-75.81277002,54.57540724,96
825490,-75.25412598,54.57126076,96
825491,-74.98362598,54.57086076,96
825492,-74.58352598,54.56876076,96
825514,-77.13977002,54.57000724,96
825537,-77.03897002,54.56790724,96
825538,-76.10247002,54.56880724,96
825549,-75.97227002,54.56760724,96
825550,-75.86137002,54.56120724,96
825551,-75.06552598,54.56836076,96
825577,-77.14287002,54.57440724,96
825578,-76.00387002,54.56740724,96
825579,-75.44357002,54.56580724,96
825580,-75.18712598,54.56716076,96
825581,-74.99072598,54.56716076,96
825582,-74.43642598,54.56976076,96
825599,-75.11352598,54.56656076,96
825619,-74.74022598,54.57026076,96
825631,-77.60817002,54.56930724,96
825632,-76.88757002,54.56740724,96
825655,-76.70877002,54.56540724,96
825656,-76.46147002,54.56810724,96
825657,-74.53502598,54.56646076,96
825679,-76.40227002,54.56180724,96
825680,-76.08407002,54.56630724,96
825681,-75.88077002,54.56650724,96
825682,-75.71637002,54.56530724,96
825683,-75.25192598,54.56526076,96
825704,-77.02127002,54.56530724,96
825705,-75.31757002,54.56460724,96
825728,-75.24092598,54.56226076,96
825752,-76.87637002,54.56260724,96
825753,-74.42852598,54.56266076,96
825770,-76.84467002,54.56430724,96
825771,-75.26282598,54.56046076,96
825772,-75.08732598,54.56296076,96
825794,-77.41247002,54.56280724,96
825795,-77.06747002,54.56000724,96
825796,-76.01917002,54.56320724,96
825797,-75.00992598,54.56106076,96
825814,-74.48912598,54.56586076,96
825830,-77.87097002,54.56210724,96
825831,-77.50067002,54.56550724,96
825832,-77.16057002,54.56160724,96
825833,-75.94937002,54.56220724,96
825846,-75.79527002,54.56780724,96
825865,-77.11217002,54.56180724,96
825866,-74.41092598,54.56056076,96
825902,-75.28287002,54.56000724,96
825929,-76.88937002,54.55890724,96
825930,-75.23412598,54.55496076,96
825960,-76.10787002,54.56040724,96
825961,-75.71397002,54.56110724,96
825988,-77.48947002,54.55850724,96
825989,-76.42647002,54.56050724,96
825990,-75.83367002,54.55930724,96
825991,-75.06632598,54.55556076,96
825992,-74.44172598,54.55876076,96
826006,-77.09757002,54.55620724,96
826007,-76.75217002,54.55850724,96
826008,-76.18917002,54.55600724,96
826009,-75.34197002,54.55720724,96
826010,-75.20812598,54.55856076,96
826011,-74.64272598,54.55796076,96
826034,-75.80087002,54.55740724,96
826035,-75.71137002,54.55150724,96
826048,-77.19867002,54.55620724,96
826057,-74.46252598,54.55716076,96
826082,-77.11287002,54.55640724,96
826110,-77.35927002,54.55490724,96
826111,-77.24847002,54.55340724,96
826112,-76.38437002,54.55340724,96
826113,-75.01372598,54.55476076,96
826114,-74.85552598,54.55356076,96
826131,-75.04092598,54.55066076,96
826132,-74.44572598,54.55296076,96
826143,-77.18987002,54.55580724,96
826144,-76.07517002,54.55760724,96
826145,-75.93057002,54.55760724,96
826146,-75.46977002,54.55300724,96
826169,-76.06397002,54.54950724,96
826170,-75.97727002,54.55170724,96
826171,-75.83557002,54.55190724,96
826193,-77.34887002,54.55340724,96
826194,-76.99027002,54.55200724,96
826195,-76.13737002,54.55280724,96
826217,-77.07307002,54.55260724,96
826218,-74.53102598,54.55296076,96
826246,-77.04087002,54.55270724,96
826247,-76.94617002,54.55240724,96
826248,-76.36347002,54.55160724,96
826262,-76.31617002,54.54970724,96
826263,-76.30417002,54.55160724,96
826264,-75.39857002,54.55110724,96
826265,-75.11132598,54.55116076,96
826266,-74.82722598,54.55286076,96
826267,-74.49122598,54.54936076,96
826282,-77.43627002,54.54980724,96
826283,-77.40197002,54.54950724,96
826284,-76.43857002,54.54630724,96
826306,-75.52787002,54.54960724,96
826307,-75.09002598,54.54946076,96
826308,-74.70862598,54.54736076,96
826317,-77.15047002,54.55240724,96
826318,-75.94067002,54.54480724,96
826319,-75.74747002,54.55140724,96
826320,-74.68932598,54.55186076,96
826340,-76.25427002,54.54360724,96
826341,-75.41867002,54.54840724,96
826342,-74.98592598,54.54996076,96
826356,-75.99027002,54.55020724,96
826357,-75.26072598,54.54916076,96
826381,-75.60247002,54.54810724,96
826404,-76.83197002,54.54940724,96
826405,-76.63707002,54.54910724,96
826406,-76.26007002,54.54770724,96
826407,-75.53767002,54.55040724,96
826408,-74.83302598,54.54736076,96
826409,-74.50272598,54.54796076,96
826431,-77.93467002,54.54640724,96
826432,-75.51927002,54.54530724,96
826433,-75.20712598,54.54526076,96
826434,-74.51582598,54.54696076,96
826453,-76.33647002,54.54620724,96
826454,-76.20747002,54.54410724,96
826455,-76.18907002,54.54640724,96
826456,-75.36697002,54.54730724,96
826485,-76.30887002,54.54240724,96
826486,-74.55312598,54.54596076,96
826494,-76.67487002,54.54900724,96
826495,-76.08137002,54.54270724,96
826510,-77.67587002,54.54510724,96
826529,-76.64267002,54.54480724,96
826530,-75.97577002,54.54390724,96
826531,-75.60567002,54.54250724,96
826560,-75.69557002,54.54270724,96
826561,-75.00972598,54.54806076,96
826585,-77.56937002,54.54310724,96
826586,-74.65922598,54.54326076,96
826587,-74.64052598,54.54276076,96
826609,-75.11152598,54.54366076,96
826628,-77.82887002,54.54100724,96
826629,-76.04057002,54.54400724,96
826630,-75.95867002,54.54240724,96
826631,-74.86862598,54.54176076,96
826646,-75.47187002,54.54520724,96
826647,-74.60812598,54.54076076,96
826664,-77.38857002,54.54320724,96
826665,-76.10277002,54.54230724,96
826666,-75.92457002,54.54340724,96
826667,-75.83337002,54.54170724,96
826668,-75.33517002,54.54160724,96
826691,-75.90147002,54.54130724,96
826721,-77.78637002,54.54000724,96
826722,-74.48252598,54.53836076,96
826745,-76.33867002,54.54040724,96
826763,-77.24357002,54.53870724,96
826764,-77.22847002,54.53700724,96
826765,-74.97562598,54.53936076,96
826782,-77.40677002,54.53800724,96
826783,-76.10737002,54.53580724,96
826784,-75.94297002,54.53880724,96
826785,-74.85302598,54.53816076,96
826812,-77.98817002,54.53740724,96
826813,-76.20217002,54.53790724,96
826837,-76.24497002,54.53510724,96
826838,-75.44277002,54.53530724,96
826839,-74.48792598,54.53766076,96
826851,-75.81037002,54.54030724,96
826852,-75.39987002,54.53830724,96
826853,-75.00112598,54.53926076,96
826854,-74.45752598,54.54016076,96
826870,-76.43277002,54.53690724,96
826871,-76.40627002,54.53800724,96
826872,-75.55727002,54.54390724,96
826893,-77.70087002,54.53400724,96
826894,-76.16747002,54.53790724,96
826895,-75.09372598,54.53686076,96
826896,-74.52292598,54.53736076,96
826924,-77.38167002,54.53570724,96
826925,-75.54807002,54.53570724,96
826926,-75.52657002,54.53220724,96
826927,-75.50237002,54.53600724,96
826928,-75.02842598,54.53586076,96
826951,-77.73607002,54.53930724,96
826952,-77.36577002,54.53640724,96
826953,-76.37497002,54.53100724,96
826954,-74.58932598,54.52926076,96
826968,-76.65917002,54.53380724,96
826969,-74.85812598,54.53426076,96
827028,-77.83447002,54.53440724,96
827029,-75.91597002,54.53470724,96
827048,-76.27337002,54.53310724,96
827049,-76.12107002,54.53400724,96
827050,-75.19382598,54.53276076,96
827051,-74.95422598,54.53316076,96
827052,-74.64382598,54.53206076,96
827075,-76.04667002,54.53250724,96
827076,-75.09732598,54.53196076,96
827089,-77.07617002,54.53280724,96
827090,-76.41617002,54.53180724,96
827091,-75.15122598,54.53196076,96
827103,-76.30007002,54.53660724,96
827104,-75.22142598,54.53116076,96
827105,-74.57042598,54.53176076,96
827106,-74.46732598,54.53376076,96
827119,-77.68187002,54.52900724,96
827144,-75.48147002,54.53080724,96
827145,-74.73782598,54.52516076,96
827146,-74.70882598,54.52996076,96
827172,-75.41487002,54.53160724,96
827173,-75.12552598,54.52886076,96
827187,-76.18847002,54.53010724,96
827188,-75.62827002,54.53210724,96
827189,-74.67612598,54.52786076,96
827205,-76.11847002,54.52920724,96
827226,-76.45607002,54.52590724,96
827227,-76.06777002,54.52840724,96
827228,-74.99772598,54.52976076,96
827243,-75.21022598,54.52806076,96
827262,-74.76172598,54.52696076,96
827300,-75.63777002,54.52170724,96
827332,-77.70157002,54.52270724,96
827333,-77.43387002,54.52590724,96
827334,-75.36017002,54.52560724,96
827335,-74.40682598,54.52436076,96
827353,-75.89607002,54.52490724,96
827354,-75.46027002,54.52310724,96
827355,-74.62192598,54.52546076,96
827372,-76.34457002,54.52760724,96
827373,-75.55777002,54.52560724,96
827387,-76.53167002,54.52610724,96
827388,-75.79007002,54.52170724,96
827389,-74.55002598,54.52816076,96
827390,-74.48492598,54.52226076,96
827440,-76.43817002,54.52340724,96
827441,-76.10887002,54.52330724,96
827442,-76.06277002,54.51930724,96
827443,-75.96657002,54.52210724,96
827444,-75.45047002,54.52270724,96
827461,-77.82817002,54.52250724,96
827462,-75.64967002,54.52220724,96
827478,-76.21947002,54.52170724,96
827479,-75.85927002,54.52050724,96
827496,-75.14002598,54.52186076,96
827512,-76.55207002,54.52070724,96
827530,-76.30797002,54.52210724,96
827531,-75.07162598,54.52056076,96
827549,-77.94657002,54.51980724,96
827550,-77.84237002,54.52030724,96
827551,-76.50777002,54.51900724,96
827552,-75.37987002,54.52010724,96
827553,-74.64312598,54.52016076,96
827565,-75.50077002,54.51910724,96
827566,-74.50352598,54.52036076,96
827589,-77.67597002,54.51620724,96
827590,-74.84422598,54.51566076,96
827591,-74.45872598,54.52236076,96
827610,-77.75087002,54.51830724,96
827611,-76.38077002,54.51800724,96
827628,-76.00597002,54.52040724,96
827629,-75.40727002,54.51990724,96
827630,-74.68852598,54.51856076,96
827653,-76.66677002,54.51610724,96
827654,-76.10947002,54.51640724,96
827655,-75.66927002,54.51530724,96
827656,-75.65817002,54.51340724,96
827657,-75.63477002,54.51650724,96
827658,-75.62347002,54.51710724,96
827673,-75.84567002,54.51380724,96
827674,-75.83487002,54.51590724,96
827675,-74.43012598,54.51786076,96
827700,-76.18627002,54.51720724,96
827701,-75.81047002,54.51400724,96
827723,-76.52967002,54.51200724,96
827724,-74.55102598,54.51606076,96
827744,-77.92657002,54.51500724,96
827745,-77.82167002,54.51470724,96
827746,-77.70687002,54.51320724,96
827747,-77.37687002,54.51480724,96
827770,-75.02132598,54.51536076,96
827771,-74.44222598,54.51526076,96
827787,-77.96147002,54.51360724,96
827788,-74.71802598,54.51256076,96
827813,-77.27977002,54.51310724,96
827814,-74.54492598,54.51316076,96
827831,-77.98757002,54.51230724,96
827832,-76.47827002,54.51430724,96
827833,-75.69387002,54.51180724,96
827834,-74.61102598,54.51196076,96
827844,-74.64502598,54.51116076,96
827866,-76.24517002,54.51220724,96
827867,-74.82462598,54.51296076,96
827868,-74.73892598,54.51456076,96
827884,-76.52007002,54.51290724,96
827885,-75.59527002,54.51120724,96
827886,-74.44622598,54.51116076,96
827901,-77.51607002,54.51140724,96
827902,-76.34977002,54.51060724,96
827903,-75.04182598,54.51076076,96
827904,-74.55662598,54.51036076,96
827905,-74.43202598,54.51046076,96
827918,-74.66882598,54.51206076,96
827938,-77.65647002,54.50990724,96
827957,-75.36047002,54.50980724,96
827958,-75.10692598,54.50776076,96
827973,-77.99777002,54.50710724,96
827974,-77.02047002,54.50830724,96
827975,-75.14102598,54.50366076,96
827976,-74.85782598,54.50726076,96
827977,-74.82962598,54.50786076,96
827994,-76.57847002,54.50840724,96
827995,-75.18022598,54.50746076,96
827996,-74.65672598,54.50736076,96
828025,-74.50502598,54.50766076,96
828045,-76.24857002,54.50500724,96
828046,-75.87827002,54.50780724,96
828047,-74.51872598,54.50986076,96
828066,-76.61367002,54.50700724,96
828067,-76.39137002,54.50690724,96
828068,-75.95097002,54.50700724,96
828069,-75.83267002,54.50850724,96
828092,-77.69847002,54.50210724,96
828093,-76.74007002,54.50580724,96
828094,-74.67752598,54.50266076,96
828111,-76.47437002,54.50600724,96
828112,-75.20602598,54.50316076,96
828113,-75.16682598,54.50246076,96
828131,-77.77827002,54.50380724,96
828132,-76.64897002,54.50640724,96
828133,-76.50867002,54.50460724,96
828134,-74.58112598,54.50346076,96
828154,-77.76107002,54.50020724,96
828172,-75.91637002,54.50320724,96
828173,-74.48332598,54.50526076,96
828200,-74.44382598,54.50526076,96
828220,-75.54927002,54.50390724,96
828237,-76.59237002,54.50240724,96
828238,-75.94367002,54.49850724,96
828239,-75.74917002,54.50420724,96
828240,-74.54442598,54.50296076,96
828262,-77.91117002,54.50290724,96
828280,-75.81057002,54.49950724,96
828281,-75.11642598,54.50166076,96
828300,-76.49227002,54.50070724,96
828301,-75.57777002,54.50050724,96
828302,-75.47337002,54.50800724,96
828324,-77.96957002,54.49940724,96
828325,-77.66557002,54.50050724,96
828326,-74.40372598,54.49966076,96
828364,-76.83887002,54.49970724,96
828365,-76.10517002,54.50010724,96
828366,-75.89567002,54.50000724,96
828367,-75.69097002,54.50340724,96
828368,-74.82152598,54.50076076,96
828376,-74.54292598,54.49906076,96
828392,-77.58007002,54.50020724,96
828393,-75.97057002,54.49940724,96
828394,-75.26402598,54.49846076,96
828395,-74.61802598,54.50066076,96
828396,-74.59262598,54.49716076,96
828416,-77.61117002,54.49950724,96
828417,-76.41197002,54.50070724,96
828437,-74.95312598,54.49806076,96
828438,-74.49792598,54.49916076,96
828461,-76.68017002,54.49720724,96
828462,-76.39217002,54.49230724,96
828463,-76.00627002,54.49620724,96
828484,-77.80387002,54.49680724,96
828485,-77.62647002,54.49610724,96
828486,-76.13877002,54.49430724,96
828508,-76.07697002,54.49420724,96
828509,-75.78927002,54.49610724,96
828522,-75.55597002,54.49850724,96
828523,-75.37437002,54.49860724,96
828524,-74.42182598,54.49446076,96
828536,-76.55677002,54.49730724,96
828537,-75.71617002,54.49510724,96
828551,-76.33007002,54.49520724,96
828552,-75.96037002,54.49450724,96
828567,-76.42937002,54.49110724,96
828568,-75.99647002,54.49520724,96
828569,-75.96997002,54.49480724,96
828585,-76.12037002,54.49260724,96
828586,-75.21772598,54.49406076,96
828629,-76.06467002,54.49320724,96
828659,-77.61177002,54.49170724,96
828675,-75.83277002,54.49480724,96
828689,-75.04462598,54.49506076,96
828710,-77.87037002,54.49250724,96
828711,-75.77287002,54.48960724,96
828731,-76.18957002,54.49140724,96
828732,-75.08092598,54.49006076,96
828733,-74.45732598,54.48966076,96
828758,-76.32137002,54.48940724,96
828759,-76.21987002,54.49010724,96
828760,-76.12637002,54.48980724,96
828800,-76.37587002,54.48920724,96
828801,-75.07522598,54.48786076,96
828802,-74.96032598,54.48726076,96
828803,-74.94832598,54.48216076,96
828827,-77.70797002,54.49300724,96
828828,-77.69687002,54.48690724,96
828829,-77.59437002,54.48470724,96
828830,-76.82447002,54.48670724,96
828831,-76.80277002,54.48670724,96
828832,-76.58687002,54.48730724,96
828833,-76.13287002,54.48720724,96
828834,-75.31037002,54.48750724,96
828850,-77.98047002,54.48880724,96
828851,-77.96897002,54.48810724,96
828852,-76.50847002,54.48960724,96
828866,-77.99237002,54.48830724,96
828867,-74.65902598,54.48616076,96
828868,-74.40412598,54.48686076,96
828900,-77.47857002,54.48660724,96
828925,-75.58357002,54.48520724,96
828926,-74.78162598,54.48026076,96
828946,-77.61177002,54.47740724,96
828947,-76.53357002,54.48600724,96
828948,-75.86847002,54.48100724,96
828949,-75.08372598,54.48606076,96
828979,-76.49167002,54.48830724,96
828980,-75.80947002,54.48870724,96
828981,-75.01082598,54.48506076,96
828982,-74.89222598,54.48366076,96
829008,-75.71587002,54.48600724,96
829026,-74.99882598,54.48096076,96
829060,-76.40247002,54.48290724,96
829061,-76.05067002,54.48210724,96
829062,-75.16652598,54.47456076,96
829078,-77.39037002,54.48330724,96
829079,-75.26592598,54.48216076,96
829080,-74.51392598,54.48176076,96
829101,-76.78457002,54.48170724,96
829102,-76.42037002,54.48150724,96
829103,-76.08527002,54.48340724,96
829104,-75.83527002,54.48260724,96
829105,-74.40522598,54.48106076,96
829122,-76.14937002,54.48170724,96
829123,-75.25422598,54.48026076,96
829124,-75.11962598,54.48016076,96
829125,-74.43222598,54.47966076,96
829152,-77.29527002,54.47940724,96
829153,-76.43657002,54.48040724,96
829154,-75.77657002,54.48000724,96
829155,-74.55842598,54.47916076,96
829179,-75.91217002,54.48310724,96
829180,-74.76112598,54.47836076,96
829222,-76.46627002,54.48010724,96
829223,-75.49887002,54.48030724,96
829240,-76.30697002,54.47670724,96
829256,-77.85327002,54.47850724,96
829257,-74.45052598,54.47806076,96
829279,-77.32817002,54.47690724,96
829280,-76.17897002,54.47520724,96
829281,-75.90677002,54.47680724,96
829282,-75.67967002,54.48080724,96
829283,-75.07762598,54.47776076,96
829303,-74.90772598,54.47486076,96
829320,-77.36157002,54.47550724,96
829321,-76.33157002,54.47610724,96
829322,-75.68927002,54.47650724,96
829323,-75.50427002,54.47440724,96
829324,-74.61442598,54.47096076,96
829344,-76.91857002,54.47520724,96
829345,-76.87347002,54.47570724,96
829360,-77.57877002,54.47390724,96
829379,-77.96927002,54.47770724,96
829380,-76.11847002,54.47480724,96
829393,-75.54857002,54.47250724,96
829394,-75.07412598,54.47396076,96
829405,-76.44497002,54.47240724,96
829420,-77.66027002,54.47340724,96
829421,-76.83227002,54.47340724,96
829422,-75.75697002,54.47490724,96
829423,-74.93692598,54.47336076,96
829440,-74.80272598,54.46886076,96
829441,-74.67792598,54.47236076,96
829486,-76.35297002,54.46980724,96
829487,-76.33347002,54.47090724,96
829488,-75.17292598,54.47226076,96
829489,-74.63122598,54.47056076,96
829490,-74.56282598,54.47086076,96
829511,-76.39577002,54.47200724,96
829512,-76.32117002,54.46950724,96
829513,-75.88217002,54.47270724,96
829533,-75.90227002,54.46910724,96
829534,-74.43152598,54.46906076,96
829566,-77.38887002,54.47180724,96
829567,-75.97437002,54.46900724,96
829568,-75.82937002,54.46960724,96
829584,-77.84907002,54.46930724,96
829585,-77.60227002,54.47040724,96
829586,-76.36797002,54.47020724,96
829587,-75.01242598,54.46906076,96
829601,-75.38927002,54.46830724,96
829622,-76.48647002,54.46810724,96
829623,-76.16137002,54.46730724,96
829624,-75.88047002,54.46800724,96
829625,-75.12502598,54.46896076,96
829650,-76.92237002,54.46740724,96
829651,-76.17257002,54.46750724,96
829670,-77.87527002,54.46820724,96
829671,-77.55517002,54.46940724,96
829672,-77.48227002,54.46600724,96
829673,-74.91382598,54.46716076,96
829674,-74.73202598,54.46486076,96
829706,-77.50607002,54.47050724,96
829707,-76.13507002,54.46600724,96
829726,-76.74367002,54.46470724,96
829727,-76.34477002,54.46560724,96
829728,-76.11617002,54.46770724,96
829729,-75.84897002,54.46690724,96
829730,-74.66052598,54.45886076,96
829747,-77.65607002,54.46510724,96
829782,-76.87157002,54.46140724,96
829783,-74.70872598,54.46596076,96
829784,-74.48212598,54.45866076,96
829801,-77.62987002,54.46130724,96
829802,-75.88827002,54.46100724,96
829803,-75.06262598,54.46106076,96
829840,-77.45287002,54.46190724,96
829841,-75.79857002,54.46200724,96
829842,-75.28597002,54.46190724,96
829843,-75.18532598,54.46116076,96
829858,-75.92017002,54.46430724,96
829859,-75.86677002,54.46390724,96
829860,-74.46112598,54.46146076,96
829876,-77.70027002,54.46240724,96
829877,-77.51027002,54.46140724,96
829878,-74.94772598,54.46156076,96
829896,-75.73727002,54.46450724,96
829897,-74.98002598,54.46186076,96
829898,-74.58942598,54.46386076,96
829899,-74.40132598,54.46326076,96
829919,-76.00037002,54.46250724,96
829920,-75.15812598,54.45746076,96
829942,-76.79617002,54.46010724,96
829943,-76.04997002,54.46000724,96
829973,-77.56067002,54.45880724,96
829974,-75.45637002,54.46010724,96
829975,-74.97782598,54.45536076,96
829995,-77.25827002,54.45880724,96
829996,-76.17657002,54.45790724,96
829997,-74.79652598,54.45686076,96
829998,-74.64742598,54.45716076,96
830027,-75.97857002,54.45800724,96
830028,-75.86867002,54.45960724,96
830029,-75.42937002,54.45780724,96
830030,-74.71962598,54.44856076,96
830031,-74.62982598,54.45236076,96
830045,-77.74857002,54.45840724,96
830060,-77.70217002,54.45840724,96
830061,-75.68947002,54.45780724,96
830062,-74.70512598,54.45436076,96
830083,-76.83537002,54.45890724,96
830084,-75.60917002,54.45760724,96
830085,-74.80902598,54.45756076,96
830105,-76.89357002,54.45910724,96
830106,-75.03902598,54.45866076,96
830124,-75.85237002,54.45810724,96
830143,-77.30617002,54.45270724,96
830166,-76.78047002,54.45480724,96
830167,-75.90367002,54.45480724,96
830168,-74.90692598,54.45546076,96
830169,-74.89612598,54.45606076,96
830188,-76.91737002,54.45350724,96
830189,-75.44607002,54.45480724,96
830190,-75.40537002,54.45700724,96
830191,-74.68772598,54.45396076,96
830192,-74.67122598,54.45006076,96
830193,-74.45952598,54.45316076,96
830200,-74.95962598,54.45296076,96
830201,-74.86862598,54.45496076,96
830216,-75.83927002,54.45440724,96
830217,-75.64207002,54.45500724,96
830218,-75.33637002,54.45310724,96
830219,-74.82242598,54.45626076,96
830241,-76.40827002,54.45680724,96
830242,-74.54402598,54.45316076,96
830256,-77.73837002,54.45360724,96
830257,-75.70537002,54.45290724,96
830278,-77.56117002,54.45240724,96
830279,-77.27787002,54.45140724,96
830280,-74.82822598,54.45206076,96
830281,-74.78202598,54.45176076,96
830298,-77.20037002,54.45270724,96
830299,-76.49577002,54.44930724,96
830300,-75.82927002,54.45160724,96
830301,-74.47792598,54.45156076,96
830312,-75.24202598,54.45036076,96
830313,-74.75162598,54.45076076,96
830335,-76.58327002,54.45120724,96
830336,-74.61212598,54.45236076,96
830357,-76.68267002,54.45130724,96
830358,-76.38937002,54.45000724,96
830378,-77.54167002,54.44950724,96
830379,-75.57657002,54.44600724,96
830380,-75.32267002,54.45170724,96
830381,-75.07232598,54.45246076,96
830382,-75.06242598,54.44836076,96
830397,-75.96287002,54.45000724,96
830398,-75.75977002,54.45080724,96
830399,-75.61207002,54.45150724,96
830415,-77.95847002,54.44890724,96
830416,-76.20827002,54.45020724,96
830417,-75.35437002,54.45030724,96
830449,-76.13847002,54.44750724,96
830450,-74.56462598,54.45396076,96
830465,-76.80907002,54.44720724,96
830466,-75.87047002,54.44620724,96
830467,-75.04552598,54.44706076,96
830468,-74.51202598,54.44696076,96
830486,-74.82212598,54.44576076,96
830487,-74.42412598,54.44636076,96
830509,-77.26297002,54.44650724,96
830510,-74.54152598,54.44806076,96
830526,-75.84567002,54.44600724,96
830527,-75.33447002,54.44740724,96
830542,-76.42297002,54.44620724,96
830543,-74.78252598,54.44746076,96
830558,-77.32887002,54.44450724,96
830559,-76.41057002,54.44740724,96
830579,-75.95637002,54.44340724,96
830602,-76.50447002,54.44270724,96
830603,-74.56762598,54.44476076,96
830613,-76.33137002,54.44490724,96
830634,-76.00357002,54.44210724,96
830635,-75.63027002,54.44440724,96
830636,-75.15032598,54.44266076,96
830637,-74.63572598,54.44296076,96
830638,-74.62062598,54.44256076,96
830664,-77.39907002,54.44160724,96
830665,-77.12177002,54.44270724,96
830666,-76.64947002,54.44180724,96
830667,-74.92822598,54.44046076,96
830668,-74.89592598,54.44096076,96
830679,-75.00622598,54.44086076,96
830680,-74.87372598,54.43986076,96
830686,-76.76987002,54.44150724,96
830687,-76.13697002,54.44290724,96
830688,-75.90387002,54.44230724,96
830710,-77.05387002,54.44100724,96
830711,-75.81087002,54.44140724,96
830727,-76.54047002,54.44140724,96
830728,-76.36817002,54.44120724,96
830729,-74.64102598,54.43686076,96
830747,-77.49177002,54.43800724,96
830761,-75.93877002,54.43820724,96
830762,-75.15822598,54.43376076,96
830763,-74.58662598,54.44016076,96
830780,-74.60582598,54.43846076,96
830798,-77.07817002,54.43560724,96
830799,-76.05647002,54.43830724,96
830800,-74.95192598,54.43766076,96
830801,-74.74872598,54.43806076,96
830835,-77.14827002,54.43830724,96
830836,-76.52147002,54.43720724,96
830837,-76.48127002,54.44460724,96
830838,-74.79822598,54.44176076,96
830853,-77.51527002,54.43780724,96
830854,-75.96747002,54.43740724,96
830869,-76.97637002,54.43670724,96
830870,-76.25737002,54.43590724,96
830871,-75.87847002,54.43610724,96
830883,-74.54042598,54.43586076,96
830901,-77.54597002,54.43390724,96
830902,-75.25862598,54.43566076,96
830903,-74.76722598,54.43826076,96
830904,-74.55682598,54.43546076,96
830936,-77.00947002,54.43410724,96
830937,-76.34527002,54.43330724,96
830953,-76.65507002,54.43270724,96
830954,-76.16337002,54.43340724,96
830955,-75.90057002,54.43270724,96
830956,-75.08762598,54.43216076,96
830977,-77.15777002,54.43560724,96
830978,-74.68832598,54.43326076,96
830990,-77.04677002,54.43300724,96
830991,-75.78927002,54.43330724,96
830992,-74.98572598,54.43146076,96
830993,-74.86792598,54.43386076,96
830994,-74.72292598,54.43496076,96
830995,-74.61362598,54.43206076,96
831008,-77.05097002,54.43000724,96
831009,-76.46857002,54.43290724,96
831010,-75.00872598,54.43196076,96
831036,-77.55927002,54.43110724,96
831037,-76.77507002,54.43120724,96
831038,-76.04897002,54.43150724,96
831039,-75.18452598,54.43126076,96
831081,-76.63617002,54.43020724,96
831082,-76.47827002,54.43050724,96
831083,-76.26597002,54.43050724,96
831084,-74.87942598,54.43076076,96
831085,-74.83622598,54.43056076,96
831103,-77.05097002,54.42190724,96
831104,-75.91337002,54.42980724,96
831118,-75.95137002,54.43010724,96
831119,-75.86927002,54.43170724,96
831140,-75.42057002,54.43080724,96
831163,-77.33047002,54.42980724,96
831164,-76.39657002,54.42880724,96
831165,-75.67227002,54.42860724,96
831166,-75.62127002,54.42800724,96
831167,-74.74702598,54.42746076,96
831181,-76.35707002,54.42780724,96
831182,-74.55132598,54.43046076,96
831202,-77.52807002,54.42800724,96
831203,-75.76037002,54.42800724,96
831232,-77.10787002,54.42650724,96
831233,-76.50697002,54.42940724,96
831253,-75.01922598,54.42566076,96
831254,-74.52062598,54.42526076,96
831273,-77.16407002,54.42450724,96
831274,-76.80947002,54.42530724,96
831275,-76.47847002,54.41760724,96
831276,-74.96942598,54.42806076,96
831277,-74.54032598,54.42686076,96
831278,-74.41042598,54.42616076,96
831294,-77.07377002,54.42380724,96
831295,-74.86202598,54.42446076,96
831296,-74.83572598,54.42526076,96
831297,-74.75732598,54.42496076,96
831312,-77.62577002,54.42650724,96
831313,-77.48837002,54.42660724,96
831314,-75.43397002,54.42600724,96
831315,-75.17972598,54.42536076,96
831316,-74.61052598,54.42596076,96
831335,-77.44787002,54.42510724,96
831336,-76.43237002,54.41970724,96
831337,-74.62812598,54.42476076,96
831355,-77.40697002,54.42480724,96
831394,-77.13947002,54.42320724,96
831395,-77.09097002,54.42580724,96
831396,-76.94207002,54.42380724,96
831397,-76.86817002,54.41700724,96
831433,-77.81737002,54.42010724,96
831434,-77.12117002,54.42070724,96
831455,-77.48717002,54.41980724,96
831456,-75.23882598,54.42076076,96
831457,-74.78702598,54.42056076,96
831473,-77.71047002,54.42210724,96
831474,-77.08997002,54.41970724,96
831487,-76.24277002,54.42160724,96
831488,-76.18097002,54.42170724,96
831489,-74.74422598,54.41696076,96
831490,-74.70902598,54.42456076,96
831508,-77.47037002,54.41780724,96
831509,-75.36607002,54.41800724,96
831510,-75.24842598,54.42336076,96
831511,-74.97572598,54.42016076,96
831527,-76.90757002,54.42100724,96
831528,-76.61767002,54.41890724,96
831529,-76.52177002,54.41820724,96
831530,-76.07627002,54.41890724,96
831531,-74.57082598,54.41966076,96
831547,-76.84237002,54.41880724,96
831592,-74.49822598,54.41896076,96
831608,-75.26242598,54.41646076,96
831642,-77.54057002,54.41680724,96
831643,-76.04217002,54.41500724,96
831644,-75.35797002,54.42640724,96
831645,-74.77082598,54.41806076,96
831646,-74.48052598,54.41806076,96
831665,-76.76217002,54.41440724,96
831666,-74.96182598,54.41716076,96
831683,-77.45757002,54.41580724,96
831684,-77.06457002,54.41490724,96
831685,-76.60807002,54.41510724,96
831686,-75.67857002,54.41620724,96
831687,-75.01222598,54.41956076,96
831707,-77.42037002,54.41590724,96
831708,-74.76922598,54.41396076,96
831723,-76.59467002,54.41420724,96
831724,-76.52697002,54.41440724,96
831747,-74.86232598,54.41186076,96
831748,-74.70442598,54.41236076,96
831749,-74.57882598,54.41316076,96
831775,-77.93017002,54.40570724,96
831776,-77.21787002,54.41200724,96
831777,-76.05537002,54.41210724,96
831778,-74.58932598,54.41266076,96
831799,-76.93487002,54.41090724,96
831800,-75.80037002,54.41210724,96
831801,-75.39367002,54.41160724,96
831802,-74.53492598,54.41256076,96
831821,-76.62467002,54.41360724,96
831841,-76.34357002,54.41060724,96
831842,-75.15202598,54.41866076,96
831866,-76.28047002,54.41090724,96
831886,-75.21932598,54.41016076,96
831887,-75.20802598,54.41106076,96
831914,-76.57127002,54.40920724,96
831915,-75.34267002,54.40870724,96
831936,-77.72367002,54.40960724,96
831937,-76.13357002,54.40930724,96
831953,-76.90087002,54.40800724,96
831954,-76.83647002,54.40890724,96
831966,-75.63097002,54.40950724,96
831981,-77.59257002,54.40890724,96
831982,-77.57847002,54.40890724,96
831994,-77.71417002,54.40730724,96
831995,-76.66407002,54.40730724,96
831996,-75.11172598,54.40786076,96
831997,-75.02622598,54.40736076,96
832014,-77.88507002,54.40620724,96
832015,-75.95177002,54.40740724,96
832032,-75.30377002,54.40540724,96
832033,-75.20752598,54.40546076,96
832057,-76.45617002,54.40550724,96
832079,-77.02897002,54.40640724,96
832080,-74.61272598,54.40496076,96
832097,-76.99047002,54.40490724,96
832098,-74.43702598,54.40366076,96
832112,-77.55667002,54.40570724,96
832113,-76.07817002,54.40220724,96
832136,-76.85987002,54.40210724,96
832137,-74.93462598,54.40496076,96
832138,-74.88662598,54.40296076,96
832164,-77.14117002,54.40520724,96
832165,-76.35237002,54.40420724,96
832183,-74.77272598,54.40306076,96
832203,-74.97352598,54.40276076,96
832244,-77.86417002,54.39990724,96
832245,-77.28757002,54.40190724,96
832246,-77.04167002,54.40190724,96
832247,-76.39727002,54.40530724,96
832248,-75.63907002,54.40230724,96
832273,-77.12617002,54.40020724,96
832274,-76.11657002,54.39890724,96
832275,-75.75067002,54.39990724,96
832276,-75.46237002,54.39860724,96
832277,-75.25222598,54.40096076,96
832278,-75.06282598,54.40026076,96
832279,-74.98532598,54.40016076,96
832301,-76.96177002,54.39610724,96
832302,-76.36327002,54.40470724,96
832303,-74.64612598,54.39876076,96
832313,-77.40247002,54.40200724,96
832314,-76.48787002,54.40110724,96
832315,-75.76587002,54.40150724,96
832316,-75.02322598,54.40106076,96
832334,-77.19587002,54.39440724,96
832357,-77.38507002,54.40400724,96
832358,-76.67687002,54.39880724,96
832359,-76.66007002,54.39910724,96
832360,-76.55547002,54.39650724,96
832378,-76.37427002,54.40190724,96
832379,-75.90397002,54.40410724,96
832380,-75.09512598,54.39956076,96
832381,-74.87692598,54.39886076,96
832382,-74.75442598,54.39946076,96
832410,-77.22457002,54.39910724,96
832411,-76.87867002,54.39540724,96
832412,-75.94767002,54.39750724,96
832413,-75.07672598,54.39776076,96
832443,-77.64057002,54.39740724,96
832459,-77.81647002,54.39640724,96
832460,-77.50877002,54.39390724,96
832461,-77.26417002,54.39470724,96
832462,-76.21367002,54.39720724,96
832463,-75.79587002,54.39980724,96
832482,-77.78637002,54.39510724,96
832483,-75.26562598,54.39606076,96
832484,-74.99872598,54.39396076,96
832497,-77.11197002,54.39780724,96
832510,-76.25797002,54.39640724,96
832511,-76.04527002,54.39530724,96
832512,-75.52687002,54.39910724,96
832513,-75.29927002,54.39440724,96
832533,-77.07967002,54.39370724,96
832534,-76.26027002,54.38930724,96
832535,-75.86547002,54.39510724,96
832536,-74.71822598,54.39556076,96
832547,-77.77457002,54.39310724,96
832548,-76.60837002,54.39360724,96
832549,-74.93252598,54.39396076,96
832581,-77.72107002,54.39550724,96
832582,-76.23117002,54.39420724,96
832607,-77.97237002,54.39180724,96
832608,-75.90877002,54.39400724,96
832628,-75.77827002,54.39240724,96
832658,-77.01397002,54.39010724,96
832659,-76.86247002,54.39350724,96
832660,-76.82017002,54.38660724,96
832661,-75.94057002,54.38970724,96
832662,-75.34567002,54.39220724,96
832674,-76.95017002,54.39070724,96
832686,-77.16987002,54.39200724,96
832696,-75.49517002,54.39120724,96
832697,-75.18582598,54.38936076,96
832716,-76.11247002,54.39040724,96
832717,-76.09177002,54.38980724,96
832737,-77.48677002,54.39010724,96
832738,-75.29547002,54.39020724,96
832739,-74.95362598,54.39016076,96
832756,-74.69432598,54.38816076,96
832773,-77.99437002,54.38570724,96
832774,-77.05567002,54.38870724,96
832775,-76.41997002,54.38530724,96
832776,-74.62362598,54.38786076,96
832798,-77.17527002,54.38790724,96
832799,-76.18727002,54.39360724,96
832819,-77.19357002,54.38610724,96
832820,-76.93577002,54.38560724,96
832835,-77.42367002,54.39040724,96
832836,-75.67637002,54.38840724,96
832837,-74.99522598,54.38786076,96
832838,-74.63332598,54.38816076,96
832859,-77.55817002,54.38780724,96
832860,-77.04717002,54.38840724,96
832861,-76.92567002,54.38780724,96
832862,-76.31617002,54.38850724,96
832863,-76.01087002,54.39130724,96
832864,-75.35727002,54.38600724,96
832884,-77.44067002,54.38680724,96
832885,-76.09897002,54.38590724,96
832886,-74.87222598,54.38646076,96
832915,-77.88647002,54.38540724,96
832916,-77.28207002,54.38520724,96
832935,-77.73897002,54.38620724,96
832936,-76.95687002,54.38510724,96
832937,-75.15712598,54.38496076,96
832938,-74.89272598,54.38546076,96
832963,-77.75507002,54.38510724,96
832964,-77.65327002,54.38410724,96
832965,-77.13097002,54.38190724,96
832966,-75.86467002,54.38320724,96
832996,-77.78197002,54.38420724,96
832997,-75.37687002,54.38170724,96
832998,-74.97642598,54.38396076,96
832999,-74.60702598,54.38346076,96
833019,-77.04677002,54.37960724,96
833020,-76.71787002,54.38120724,96
833021,-75.84727002,54.38200724,96
833025,-74.55022598,54.38026076,96
833032,-75.77997002,54.38240724,96
833069,-77.83647002,54.38380724,96
833070,-76.94857002,54.38140724,96
833089,-77.81417002,54.38150724,96
833090,-76.29497002,54.38650724,96
833091,-75.79917002,54.38250724,96
833092,-75.32477002,54.38030724,96
833115,-76.80077002,54.37850724,96
833132,-75.34647002,54.37770724,96
833133,-75.27427002,54.37920724,96
833152,-74.72962598,54.37286076,96
833171,-76.63997002,54.38070724,96
833188,-74.87122598,54.37896076,96
833189,-74.53272598,54.37846076,96
833207,-77.88227002,54.37880724,96
833208,-75.28327002,54.37830724,96
833235,-76.35827002,54.37710724,96
833236,-76.31727002,54.37900724,96
833267,-77.27557002,54.37680724,96
833268,-75.52447002,54.37660724,96
833286,-77.39567002,54.37480724,96
833287,-77.35597002,54.37430724,96
833288,-76.55147002,54.37520724,96
833289,-76.39577002,54.37440724,96
833290,-75.94807002,54.37560724,96
833291,-75.89127002,54.37600724,96
833292,-75.41917002,54.37920724,96
833310,-76.99647002,54.37300724,96
833311,-76.97797002,54.37400724,96
833312,-76.61267002,54.37380724,96
833313,-76.34097002,54.37820724,96
833314,-75.46777002,54.37400724,96
833329,-75.11122598,54.37726076,96
833330,-75.06632598,54.37296076,96
833331,-74.69022598,54.37826076,96
833347,-77.89687002,54.37490724,96
833348,-76.50717002,54.37160724,96
833349,-76.34597002,54.37560724,96
833369,-75.96877002,54.37470724,96
833370,-74.87552598,54.37426076,96
833388,-76.35557002,54.37370724,96
833389,-76.26527002,54.37470724,96
833390,-74.43412598,54.37236076,96
833405,-77.78257002,54.37280724,96
833419,-77.06757002,54.37170724,96
833420,-75.92947002,54.37250724,96
833421,-75.37037002,54.37050724,96
833449,-76.93047002,54.37040724,96
833472,-76.47787002,54.37120724,96
833473,-75.87877002,54.36990724,96
833503,-74.86462598,54.37236076,96
833515,-75.42127002,54.37030724,96
833516,-74.70142598,54.36966076,96
833547,-77.36167002,54.36980724,96
833567,-76.33017002,54.36760724,96
833584,-77.76647002,54.36990724,96
833585,-77.68717002,54.36950724,96
833586,-77.65337002,54.37040724,96
833587,-75.44057002,54.36730724,96
833588,-75.11912598,54.36716076,96
833609,-75.98867002,54.36610724,96
833636,-76.35167002,54.36250724,96
833637,-75.33237002,54.36500724,96
833638,-75.30987002,54.36860724,96
833639,-75.22592598,54.36746076,96
833640,-74.80422598,54.37206076,96
833659,-77.22937002,54.36650724,96
833660,-77.03917002,54.36630724,96
833675,-77.00117002,54.36440724,96
833676,-76.36457002,54.36710724,96
833697,-76.73027002,54.36520724,96
833698,-76.39187002,54.35710724,96
833699,-75.52997002,54.36430724,96
833720,-76.50727002,54.36510724,96
833721,-75.29567002,54.36650724,96
833722,-74.60772598,54.36616076,96
833732,-76.64047002,54.36390724,96
833755,-75.47437002,54.36430724,96
833756,-75.15332598,54.36316076,96
833773,-77.41987002,54.36290724,96
833774,-76.36587002,54.36280724,96
833775,-74.40492598,54.36386076,96
833794,-77.55057002,54.36190724,96
833795,-76.02747002,54.36160724,96
833796,-75.11302598,54.36126076,96
833812,-77.21377002,54.36050724,96
833813,-77.07027002,54.36230724,96
833814,-75.89577002,54.36490724,96
833815,-75.13182598,54.36326076,96
833835,-75.93817002,54.36340724,96
833869,-76.61197002,54.36010724,96
833890,-77.36097002,54.35750724,96
833891,-77.22557002,54.35890724,96
833892,-76.34117002,54.36470724,96
833916,-75.45377002,54.35820724,96
833917,-74.70352598,54.36426076,96
833933,-75.91377002,54.36050724,96
833954,-76.41377002,54.36190724,96
833955,-75.57897002,54.35820724,96
833956,-74.97582598,54.36026076,96
833966,-76.45877002,54.36220724,96
833967,-74.72962598,54.35766076,96
833984,-75.92397002,54.35720724,96
833985,-74.76622598,54.35876076,96
834003,-75.95237002,54.36000724,96
834021,-76.98347002,54.35640724,96
834022,-76.70037002,54.35660724,96
834085,-77.70827002,54.35200724,96
834086,-75.23922598,54.35506076,96
834087,-74.99162598,54.35386076,96
834112,-76.34217002,54.35210724,96
834133,-76.11677002,54.35500724,96
834147,-77.73557002,54.35540724,96
834148,-75.91017002,54.35540724,96
834149,-75.38127002,54.35510724,96
834166,-77.14007002,54.35250724,96
834167,-75.09672598,54.35506076,96
834184,-77.15057002,54.35240724,96
834185,-76.40577002,54.35240724,96
834200,-77.31937002,54.35230724,96
834201,-77.06087002,54.35210724,96
834202,-75.29087002,54.35250724,96
834203,-75.21022598,54.35646076,96
834204,-74.71062598,54.35216076,96
834224,-76.20917002,54.35170724,96
834225,-75.62347002,54.34900724,96
834226,-74.77462598,54.35186076,96
834249,-77.68837002,54.34570724,96
834250,-74.56082598,54.35146076,96
834275,-77.77947002,54.34830724,96
834294,-77.46817002,54.34950724,96
834295,-77.04197002,54.35030724,96
834310,-77.73377002,54.34970724,96
834311,-76.31807002,54.35160724,96
834312,-75.77737002,54.35200724,96
834313,-74.93682598,54.34796076,96
834314,-74.69462598,54.35056076,96
834334,-76.07837002,54.35140724,96
834350,-77.99287002,54.34950724,96
834351,-75.38007002,54.34920724,96
834374,-77.72237002,54.34760724,96
834375,-76.17897002,54.34780724,96
834376,-75.35557002,54.35320724,96
834397,-77.93587002,54.34830724,96
834398,-76.35647002,54.34570724,96
834408,-77.62987002,54.34580724,96
834409,-75.00682598,54.34056076,96
834428,-75.08152598,54.34566076,96
834438,-76.49407002,54.34700724,96
834439,-75.92947002,54.34690724,96
834440,-75.53627002,54.34640724,96
834441,-75.42457002,54.34590724,96
834442,-74.50842598,54.34686076,96
834456,-74.55172598,54.34596076,96
834472,-76.23707002,54.34460724,96
834473,-74.69502598,54.34526076,96
834505,-77.06237002,54.34350724,96
834506,-76.37377002,54.34200724,96
834507,-76.33257002,54.34370724,96
834508,-74.66562598,54.34396076,96
834522,-77.48817002,54.34310724,96
834523,-74.97362598,54.34396076,96
834547,-77.34217002,54.34260724,96
834548,-75.33777002,54.34510724,96
834549,-74.85542598,54.33936076,96
834592,-77.23187002,54.33970724,96
834607,-76.19497002,54.34250724,96
834608,-74.90712598,54.34096076,96
834623,-77.41017002,54.33970724,96
834624,-74.77602598,54.33936076,96
834634,-77.20097002,54.34020724,96
834653,-77.18547002,54.33990724,96
834654,-75.64547002,54.33960724,96
834697,-77.56277002,54.33900724,96
834698,-76.37237002,54.33760724,96
834699,-74.96902598,54.33776076,96
834710,-77.64747002,54.34060724,96
834711,-77.49157002,54.33550724,96
834730,-75.06122598,54.33606076,96
834731,-74.99952598,54.33656076,96
834743,-74.68252598,54.33796076,96
834775,-75.43817002,54.33430724,96
834776,-74.87302598,54.33596076,96
834791,-77.43017002,54.33570724,96
834792,-75.94967002,54.33630724,96
834817,-75.92677002,54.33640724,96
834818,-75.14622598,54.33436076,96
834819,-74.80422598,54.33416076,96
834856,-77.93727002,54.33250724,96
834857,-77.45707002,54.33260724,96
834858,-77.29547002,54.33320724,96
834859,-76.26767002,54.33420724,96
834884,-77.53237002,54.33260724,96
834885,-76.65447002,54.33250724,96
834886,-75.46497002,54.33390724,96
834913,-76.18117002,54.33230724,96
834935,-76.20497002,54.33640724,96
834936,-75.42017002,54.33010724,96
834949,-75.27977002,54.33030724,96
834960,-77.98937002,54.32740724,96
834961,-77.25847002,54.32990724,96
834962,-76.32437002,54.33230724,96
834963,-74.94502598,54.32956076,96
834964,-74.75172598,54.33096076,96
834986,-75.33487002,54.32970724,96
834987,-75.00152598,54.32896076,96
835003,-77.48727002,54.32770724,96
835004,-77.33317002,54.32360724,96
835005,-77.22607002,54.32550724,96
835006,-75.26532598,54.32896076,96
835007,-75.07252598,54.32856076,96
835021,-77.17937002,54.32810724,96
835022,-76.34487002,54.33200724,96
835041,-77.40607002,54.32900724,96
835042,-76.14027002,54.33110724,96
835056,-77.85147002,54.32680724,96
835057,-74.76502598,54.32886076,96
835058,-74.40922598,54.32866076,96
835077,-74.60112598,54.32576076,96
835089,-77.58617002,54.32730724,96
835090,-76.03017002,54.32860724,96
835109,-77.88737002,54.32610724,96
835110,-77.37517002,54.32700724,96
835111,-74.98502598,54.32676076,96
835112,-74.82592598,54.32626076,96
835113,-74.40102598,54.32826076,96
835131,-77.24417002,54.32510724,96
835132,-74.42972598,54.32596076,96
835153,-77.92357002,54.32580724,96
835154,-76.37547002,54.32540724,96
835166,-77.65917002,54.32080724,96
835167,-77.61877002,54.32490724,96
835168,-77.45207002,54.32440724,96
835169,-77.14727002,54.32480724,96
835170,-75.97187002,54.32590724,96
835171,-74.62302598,54.32446076,96
835185,-77.97607002,54.32750724,96
835186,-76.26287002,54.32790724,96
835187,-76.11677002,54.32390724,96
835203,-75.01192598,54.32506076,96
835220,-75.37837002,54.32610724,96
835221,-74.99452598,54.32396076,96
835249,-77.25527002,54.32160724,96
835250,-75.25602598,54.32256076,96
835284,-77.75217002,54.31970724,96
835285,-77.37237002,54.31850724,96
835286,-76.22097002,54.32010724,96
835287,-76.17047002,54.33250724,96
835305,-77.78567002,54.32090724,96
835318,-74.88292598,54.32096076,96
835334,-77.01127002,54.32180724,96
835335,-74.90712598,54.32326076,96
835347,-75.40737002,54.32000724,96
835348,-75.24482598,54.31876076,96
835349,-75.13852598,54.31976076,96
835355,-76.21457002,54.32300724,96
835379,-74.96642598,54.31656076,96
835380,-74.79172598,54.31846076,96
835404,-74.92262598,54.31856076,96
835437,-76.75677002,54.31710724,96
835438,-76.33497002,54.31840724,96
835439,-74.93802598,54.31686076,96
835457,-76.27707002,54.31970724,96
835458,-75.46987002,54.31710724,96
835459,-74.52572598,54.31536076,96
835460,-74.50482598,54.31266076,96
835474,-75.68527002,54.30980724,96
835475,-75.14422598,54.31556076,96
835489,-77.89357002,54.31760724,96
835490,-77.64447002,54.31780724,96
835491,-77.33297002,54.31660724,96
835492,-76.14697002,54.31650724,96
835493,-75.21512598,54.31666076,96
835494,-75.06562598,54.31426076,96
835510,-77.92317002,54.31570724,96
835511,-76.82367002,54.31690724,96
835529,-75.74277002,54.31550724,96
835530,-75.12222598,54.31556076,96
835531,-75.04542598,54.31216076,96
835532,-75.01012598,54.31716076,96
835533,-74.75452598,54.31216076,96
835545,-77.46437002,54.31710724,96
835546,-75.03682598,54.31506076,96
835560,-75.08842598,54.31496076,96
835561,-74.83242598,54.31436076,96
835562,-74.80162598,54.31456076,96
835588,-77.81077002,54.31520724,96
835589,-74.89152598,54.31316076,96
835601,-77.40957002,54.30980724,96
835602,-74.52252598,54.31146076,96
835617,-77.24367002,54.31300724,96
835618,-76.66737002,54.31330724,96
835636,-76.16077002,54.31330724,96
835637,-74.87642598,54.31286076,96
835654,-74.70702598,54.31416076,96
835669,-77.46717002,54.31030724,96
835670,-77.31347002,54.30390724,96
835692,-77.59167002,54.31330724,96
835693,-77.55267002,54.31620724,96
835694,-77.28607002,54.31000724,96
835695,-77.19237002,54.31550724,96
835696,-75.33667002,54.30620724,96
835697,-75.07432598,54.30956076,96
835698,-74.97362598,54.31016076,96
835699,-74.82382598,54.31056076,96
835700,-74.76182598,54.31146076,96
835719,-75.65027002,54.30750724,96
835720,-75.62207002,54.30790724,96
835721,-74.71962598,54.31046076,96
835738,-75.93057002,54.30830724,96
835752,-77.99387002,54.30920724,96
835753,-74.74632598,54.30716076,96
835754,-74.69882598,54.31016076,96
835755,-74.68752598,54.30916076,96
835783,-76.62477002,54.31170724,96
835784,-74.83192598,54.30996076,96
835798,-76.57187002,54.30510724,96
835799,-75.71217002,54.30680724,96
835800,-75.35997002,54.30560724,96
835801,-75.21542598,54.30936076,96
835810,-77.56617002,54.30690724,96
835811,-77.37697002,54.30650724,96
835824,-77.70337002,54.30570724,96
835858,-77.97247002,54.29870724,96
835859,-76.98947002,54.30470724,96
835860,-75.43817002,54.30450724,96
835861,-74.44342598,54.30286076,96
835881,-77.66577002,54.31300724,96
835882,-75.32257002,54.30440724,96
835898,-77.46787002,54.30310724,96
835899,-76.61317002,54.30430724,96
835900,-75.57647002,54.30470724,96
835901,-75.33477002,54.29760724,96
835917,-77.82927002,54.30850724,96
835918,-75.66557002,54.30400724,96
835935,-77.00417002,54.30320724,96
835954,-75.04982598,54.30446076,96
835976,-77.76857002,54.30700724,96
835977,-77.44257002,54.30220724,96
835978,-77.32557002,54.30190724,96
836001,-77.68227002,54.29870724,96
836002,-77.61067002,54.30230724,96
836003,-77.27847002,54.30050724,96
836004,-77.18477002,54.30080724,96
836005,-76.69917002,54.30260724,96
836006,-75.08372598,54.30116076,96
836007,-74.99282598,54.30546076,96
836008,-74.72922598,54.30166076,96
836046,-77.83537002,54.30050724,96
836047,-77.12727002,54.30090724,96
836048,-75.10032598,54.30076076,96
836064,-74.59332598,54.29856076,96
836077,-77.81017002,54.30230724,96
836078,-77.24737002,54.30600724,96
836132,-76.34997002,54.29840724,96
836153,-77.30777002,54.29720724,96
836154,-75.57467002,54.29810724,96
836155,-74.77832598,54.29726076,96
836169,-77.55827002,54.29490724,96
836170,-76.59087002,54.29790724,96
836171,-74.98552598,54.29646076,96
836172,-74.61402598,54.29416076,96
836186,-77.01927002,54.29700724,96
836187,-77.00237002,54.29600724,96
836188,-74.91112598,54.29356076,96
836203,-77.77447002,54.29520724,96
836204,-74.87972598,54.29466076,96
836220,-77.51017002,54.29700724,96
836221,-77.36827002,54.29560724,96
836222,-75.70087002,54.29740724,96
836223,-74.67812598,54.29436076,96
836233,-75.69127002,54.29510724,96
836253,-75.58697002,54.29530724,96
836265,-77.41887002,54.29450724,96
836266,-75.26132598,54.29266076,96
836281,-77.86057002,54.29340724,96
836282,-77.57397002,54.29380724,96
836283,-77.24407002,54.29640724,96
836284,-77.20617002,54.29500724,96
836285,-75.72797002,54.29230724,96
836303,-77.64267002,54.28480724,96
836304,-77.61837002,54.29260724,96
836327,-76.64767002,54.29190724,96
836328,-75.29297002,54.29190724,96
836346,-75.40507002,54.29240724,96
836370,-77.03977002,54.29260724,96
836371,-75.20302598,54.29336076,96
836389,-77.39277002,54.29440724,96
836390,-76.50497002,54.29150724,96
836391,-75.31677002,54.29390724,96
836392,-75.04132598,54.29106076,96
836406,-77.15057002,54.29020724,96
836407,-77.08247002,54.29160724,96
836408,-74.96682598,54.29136076,96
836425,-77.35297002,54.28950724,96
836426,-75.86877002,54.28870724,96
836444,-75.33957002,54.28870724,96
836463,-77.36527002,54.28900724,96
836464,-74.78892598,54.28486076,96
836482,-74.65082598,54.28726076,96
836499,-75.11382598,54.28856076,96
836506,-76.60867002,54.28840724,96
836507,-75.19112598,54.29026076,96
836571,-77.29717002,54.28900724,96
836585,-77.66367002,54.28520724,96
836605,-76.22027002,54.28340724,96
836606,-75.88217002,54.28450724,96
836607,-75.39527002,54.28350724,96
836627,-76.49357002,54.28450724,96
836642,-75.08792598,54.28156076,96
836643,-75.02202598,54.28326076,96
836644,-74.87592598,54.27946076,96
836658,-76.63287002,54.28480724,96
836659,-76.59927002,54.28300724,96
836660,-75.14502598,54.28586076,96
836673,-77.84027002,54.28450724,96
836674,-75.13712598,54.28296076,96
836690,-75.31807002,54.28490724,96
836691,-74.98332598,54.28176076,96
836710,-75.69287002,54.28230724,96
836729,-77.37827002,54.28100724,96
836730,-77.15337002,54.28150724,96
836731,-74.99912598,54.27966076,96
836750,-77.58557002,54.28450724,96
836751,-74.73002598,54.27536076,96
836752,-74.47662598,54.28066076,96
836777,-75.34217002,54.27680724,96
836798,-77.85127002,54.27550724,96
836799,-75.28907002,54.27990724,96
836800,-75.27082598,54.28256076,96
836801,-75.16222598,54.27956076,96
836834,-75.33657002,54.27990724,96
836851,-77.65547002,54.27860724,96
836852,-77.35167002,54.27680724,96
836853,-75.56747002,54.27820724,96
836862,-75.68307002,54.27780724,96
836879,-77.82197002,54.27730724,96
836880,-77.37037002,54.27750724,96
836898,-77.90187002,54.27910724,96
836912,-77.34317002,54.27580724,96
836925,-77.91457002,54.27260724,96
836926,-75.67147002,54.27330724,96
836937,-76.61977002,54.27440724,96
836938,-75.59017002,54.27370724,96
836939,-75.05272598,54.27506076,96
836952,-75.19232598,54.27496076,96
836968,-77.14457002,54.27440724,96
836969,-74.91862598,54.27616076,96
836980,-77.66547002,54.27370724,96
836981,-74.93102598,54.27386076,96
836982,-74.56242598,54.27496076,96
836998,-77.39147002,54.27380724,96
836999,-75.54567002,54.27530724,96
837000,-74.63452598,54.27356076,96
837017,-77.62817002,54.26610724,96
837018,-77.19207002,54.27270724,96
837044,-77.88707002,54.26940724,96
837045,-77.54817002,54.27340724,96
837061,-77.22127002,54.26890724,96
837062,-76.43197002,54.27380724,96
837063,-75.28197002,54.27530724,96
837064,-74.96232598,54.27176076,96
837082,-74.52242598,54.26866076,96
837097,-75.56037002,54.27030724,96
837098,-74.53932598,54.26956076,96
837103,-74.91272598,54.26736076,96
837122,-77.78727002,54.27220724,96
837123,-74.81612598,54.27216076,96
837139,-77.72727002,54.27030724,96
837140,-77.37197002,54.26900724,96
837141,-76.56267002,54.26960724,96
837142,-74.72922598,54.26886076,96
837152,-77.44447002,54.26810724,96
837153,-74.66212598,54.26866076,96
837154,-74.49242598,54.27026076,96
837165,-77.15277002,54.26810724,96
837166,-75.46507002,54.26900724,96
837185,-77.16087002,54.26460724,96
837186,-75.35147002,54.26530724,96
837187,-74.63292598,54.26716076,96
837209,-75.27512598,54.26736076,96
837224,-77.87467002,54.26520724,96
837225,-75.23712598,54.26876076,96
837241,-77.53717002,54.26520724,96
837242,-76.94307002,54.26690724,96
837256,-77.91627002,54.26660724,96
837257,-77.56287002,54.26740724,96
837258,-77.47237002,54.26690724,96
837259,-74.68202598,54.26356076,96
837286,-75.37647002,54.26290724,96
837301,-76.49637002,54.26400724,96
837302,-76.46777002,54.26330724,96
837303,-74.93042598,54.26026076,96
837304,-74.70072598,54.26306076,96
837331,-77.79697002,54.26390724,96
837332,-74.43812598,54.26216076,96
837351,-77.29057002,54.26300724,96
837352,-76.15147002,54.26020724,96
837353,-74.62722598,54.26096076,96
837370,-74.91882598,54.26166076,96
837371,-74.49822598,54.26236076,96
837383,-77.37807002,54.26250724,96
837384,-77.31427002,54.26360724,96
837385,-76.63637002,54.26100724,96
837402,-77.65257002,54.26510724,96
837403,-75.12532598,54.26556076,96
837404,-75.03662598,54.26206076,96
837405,-74.81072598,54.25976076,96
837406,-74.73862598,54.25866076,96
837420,-75.55437002,54.26080724,96
837421,-74.56162598,54.26306076,96
837438,-77.46657002,54.26430724,96
837439,-77.21327002,54.26090724,96
837440,-76.93927002,54.25970724,96
837441,-75.52217002,54.26050724,96
837454,-76.92827002,54.25930724,96
837455,-75.57627002,54.25970724,96
837456,-75.30357002,54.26450724,96
837457,-75.24572598,54.26296076,96
837477,-76.91717002,54.25920724,96
837478,-75.33397002,54.26620724,96
837479,-74.64692598,54.25886076,96
837497,-75.15082598,54.25766076,96
837498,-74.78182598,54.26096076,96
837518,-76.50337002,54.25680724,96
837519,-75.21012598,54.25586076,96
837520,-74.65412598,54.25586076,96
837535,-77.86077002,54.25790724,96
837536,-76.65697002,54.25970724,96
837537,-74.96122598,54.25916076,96
837538,-74.54932598,54.25746076,96
837553,-77.82657002,54.26090724,96
837554,-77.70467002,54.25900724,96
837555,-74.52032598,54.25616076,96
837577,-77.43207002,54.25910724,96
837578,-75.53697002,54.25790724,96
837588,-77.47557002,54.26030724,96
837589,-75.55447002,54.25500724,96
837608,-76.99377002,54.25620724,96
837609,-76.44737002,54.25620724,96
837625,-76.84367002,54.25570724,96
837626,-75.71327002,54.25600724,96
837627,-74.42642598,54.25256076,96
837654,-77.01537002,54.25410724,96
837655,-75.57307002,54.25270724,96
837656,-75.45917002,54.25450724,96
837657,-75.23772598,54.25706076,96
837658,-74.95772598,54.25586076,96
837676,-77.87467002,54.25470724,96
837677,-77.20477002,54.25570724,96
837678,-74.93082598,54.25296076,96
837679,-74.53092598,54.25146076,96
837680,-74.48462598,54.25336076,96
837690,-77.93437002,54.25290724,96
837691,-77.17857002,54.25380724,96
837701,-77.68787002,54.25500724,96
837702,-77.60037002,54.25700724,96
837703,-77.28957002,54.24970724,96
837704,-76.61667002,54.25420724,96
837724,-75.63437002,54.25180724,96
837746,-75.93757002,54.25260724,96
837747,-75.61877002,54.25480724,96
837748,-75.51587002,54.25290724,96
837749,-74.89712598,54.25286076,96
837764,-76.41097002,54.25220724,96
837787,-77.79197002,54.25170724,96
837788,-75.05572598,54.25436076,96
837802,-77.74857002,54.25060724,96
837803,-75.17882598,54.24986076,96
837804,-74.81462598,54.24966076,96
837805,-74.65772598,54.25146076,96
837824,-75.50467002,54.24870724,96
837838,-77.44077002,54.24840724,96
837839,-75.63557002,54.24800724,96
837840,-75.57297002,54.24940724,96
837841,-75.19672598,54.24866076,96
837842,-75.01812598,54.25206076,96
837843,-74.98902598,54.24806076,96
837844,-74.85782598,54.24876076,96
837869,-77.38497002,54.25630724,96
837870,-75.26262598,54.25096076,96
837871,-74.63572598,54.25356076,96
837899,-77.55397002,54.24820724,96
837912,-77.35047002,54.25190724,96
837948,-77.19897002,54.24280724,96
837961,-77.78767002,54.25870724,96
837962,-75.30467002,54.24540724,96
837963,-75.28617002,54.24580724,96
837975,-76.97967002,54.24660724,96
837976,-75.66677002,54.24600724,96
837977,-74.71882598,54.24586076,96
837989,-76.48407002,54.24910724,96
837990,-74.98932598,54.24456076,96
838020,-75.27292598,54.24336076,96
838021,-74.61802598,54.24646076,96
838022,-74.45032598,54.24526076,96
838038,-77.36707002,54.24300724,96
838057,-77.39977002,54.25100724,96
838058,-77.32887002,54.24820724,96
838059,-76.10537002,54.24180724,96
838060,-75.44327002,54.24370724,96
838061,-75.37347002,54.24380724,96
838078,-76.02117002,54.24120724,96
838079,-75.19892598,54.24276076,96
838080,-75.04332598,54.24306076,96
838108,-77.83957002,54.24470724,96
838109,-77.79527002,54.24170724,96
838110,-77.60947002,54.24190724,96
838111,-76.99187002,54.24370724,96
838112,-76.51467002,54.24240724,96
838113,-75.33737002,54.24280724,96
838133,-75.77147002,54.23990724,96
838134,-75.72227002,54.24100724,96
838147,-75.82137002,54.24380724,96
838148,-74.46792598,54.23936076,96
838165,-77.71967002,54.24260724,96
838166,-74.95372598,54.24736076,96
838167,-74.50722598,54.24066076,96
838178,-77.76357002,54.24080724,96
838179,-77.22347002,54.24140724,96
838192,-75.38147002,54.23880724,96
838193,-75.16862598,54.24076076,96
838194,-75.09402598,54.24406076,96
838195,-75.06282598,54.23996076,96
838196,-74.88242598,54.24266076,96
838197,-74.79352598,54.24056076,96
838218,-77.86947002,54.23990724,96
838219,-77.55407002,54.24330724,96
838220,-77.00537002,54.23960724,96
838221,-75.74007002,54.23990724,96
838222,-74.80952598,54.24046076,96
838241,-77.37857002,54.23920724,96
838242,-75.36937002,54.23820724,96
838253,-75.46247002,54.23760724,96
838254,-75.26042598,54.23686076,96
838287,-77.71027002,54.23840724,96
838288,-77.32297002,54.23620724,96
838289,-76.81467002,54.23680724,96
838290,-75.99197002,54.23660724,96
838291,-75.66937002,54.23760724,96
838292,-75.47297002,54.23870724,96
838307,-77.39357002,54.23790724,96
838308,-75.63937002,54.23850724,96
838326,-76.89777002,54.23800724,96
838327,-75.43147002,54.23760724,96
838328,-74.68152598,54.23686076,96
838343,-75.60957002,54.23720724,96
838344,-74.53622598,54.23566076,96
838365,-77.77517002,54.23590724,96
838366,-77.62087002,54.23500724,96
838367,-75.20792598,54.23616076,96
838383,-77.75437002,54.23560724,96
838384,-76.82947002,54.23560724,96
838385,-74.57892598,54.23436076,96
838403,-77.97147002,54.23370724,96
838425,-75.16082598,54.23456076,96
838451,-77.13957002,54.23230724,96
838452,-77.11477002,54.23180724,96
838471,-74.41162598,54.23436076,96
838495,-77.26177002,54.23300724,96
838496,-75.52207002,54.22760724,96
838507,-75.45357002,54.23130724,96
838508,-75.04352598,54.23166076,96
838521,-77.26827002,54.23100724,96
838522,-77.22707002,54.23090724,96
838523,-76.88257002,54.23170724,96
838524,-74.91292598,54.23196076,96
838544,-77.17437002,54.23030724,96
838545,-77.01267002,54.23160724,96
838546,-75.53097002,54.23280724,96
838547,-75.18712598,54.23116076,96
838548,-74.94932598,54.23526076,96
838572,-77.73627002,54.23040724,96
838573,-76.82287002,54.22740724,96
838574,-76.12747002,54.22740724,96
838586,-75.00022598,54.22766076,96
838597,-77.83337002,54.23130724,96
838598,-77.28017002,54.23080724,96
838610,-75.61227002,54.23020724,96
838625,-75.55807002,54.22840724,96
838626,-75.30487002,54.22800724,96
838645,-76.51047002,54.22850724,96
838660,-75.96807002,54.22700724,96
838698,-77.67837002,54.22520724,96
838699,-76.68057002,54.22940724,96
838700,-75.13502598,54.22636076,96
838714,-77.87557002,54.22570724,96
838715,-77.11887002,54.22490724,96
838716,-77.00277002,54.22480724,96
838717,-75.07302598,54.22566076,96
838732,-74.91692598,54.22486076,96
838742,-75.60927002,54.22600724,96
838743,-75.27212598,54.22636076,96
838744,-75.22632598,54.22546076,96
838751,-74.79812598,54.23176076,96
838763,-77.42757002,54.22460724,96
838764,-74.59682598,54.22506076,96
838781,-77.55727002,54.22390724,96
838782,-75.56547002,54.22370724,96
838783,-75.31417002,54.22350724,96
838803,-77.44217002,54.22440724,96
838804,-75.47257002,54.22250724,96
838828,-77.88007002,54.22120724,96
838829,-77.70897002,54.22240724,96
838830,-77.57657002,54.22200724,96
838831,-75.48917002,54.22410724,96
838832,-75.12362598,54.22316076,96
838843,-77.45667002,54.22240724,96
838844,-76.83937002,54.22140724,96
838845,-75.10152598,54.22156076,96
838846,-74.52682598,54.22126076,96
838847,-74.48932598,54.22346076,96
838860,-77.52217002,54.21830724,96
838861,-75.69957002,54.22120724,96
838884,-77.28927002,54.21990724,96
838897,-76.45167002,54.22390724,96
838898,-75.96597002,54.21970724,96
838899,-75.01402598,54.21956076,96
838912,-77.47467002,54.22010724,96
838913,-76.15767002,54.21860724,96
838914,-75.36707002,54.21920724,96
838915,-74.74742598,54.22036076,96
838931,-77.60177002,54.21680724,96
838932,-76.11587002,54.21890724,96
838933,-75.13802598,54.21866076,96
838946,-77.10177002,54.21730724,96
838947,-75.09082598,54.21846076,96
838948,-74.82752598,54.22206076,96
838967,-77.12977002,54.21830724,96
838968,-76.98227002,54.21650724,96
838969,-76.71947002,54.21700724,96
838970,-75.57227002,54.21820724,96
838990,-77.73387002,54.21710724,96
838991,-76.86507002,54.22240724,96
838992,-75.72197002,54.21790724,96
839027,-77.42227002,54.21850724,96
839028,-74.94002598,54.21436076,96
839029,-74.72872598,54.21846076,96
839030,-74.63042598,54.21566076,96
839044,-77.05357002,54.21570724,96
839045,-74.92842598,54.21696076,96
839063,-77.16097002,54.21550724,96
839079,-75.36647002,54.21480724,96
839080,-74.57952598,54.21416076,96
839090,-75.09742598,54.21246076,96
839102,-77.06367002,54.21380724,96
839103,-75.67847002,54.21370724,96
839104,-75.55667002,54.21390724,96
839125,-74.82572598,54.21096076,96
839142,-76.94727002,54.21170724,96
839161,-77.43077002,54.21270724,96
839162,-74.54652598,54.21576076,96
839174,-74.61082598,54.21186076,96
839190,-77.35797002,54.21140724,96
839191,-75.98967002,54.21530724,96
839203,-77.36667002,54.21220724,96
839227,-77.82467002,54.20910724,96
839276,-77.79497002,54.21330724,96
839277,-77.71437002,54.21010724,96
839278,-76.95867002,54.20590724,96
839279,-76.84007002,54.20840724,96
839295,-77.53057002,54.20720724,96
839296,-76.60587002,54.20640724,96
839307,-74.55492598,54.21016076,96
839318,-76.43547002,54.20910724,96
839319,-75.36147002,54.21060724,96
839338,-77.84107002,54.20760724,96
839339,-76.97467002,54.20730724,96
839340,-75.01072598,54.20956076,96
839341,-74.62602598,54.20756076,96
839353,-76.13987002,54.20780724,96
839369,-76.82937002,54.20610724,96
839389,-74.95532598,54.20606076,96
839415,-76.93227002,54.20480724,96
839416,-74.69362598,54.21046076,96
839434,-77.88017002,54.20480724,96
839435,-77.61417002,54.20750724,96
839436,-77.54747002,54.20340724,96
839437,-76.87527002,54.20580724,96
839438,-75.79737002,54.20480724,96
839465,-76.94607002,54.20260724,96
839466,-75.80917002,54.20410724,96
839467,-75.31707002,54.20470724,96
839468,-75.02772598,54.20446076,96
839469,-74.71812598,54.20186076,96
839470,-74.64062598,54.20606076,96
839479,-75.34047002,54.20400724,96
839480,-75.04032598,54.20556076,96
839511,-77.04917002,54.20490724,96
839512,-75.55007002,54.20330724,96
839513,-75.13602598,54.19696076,96
839514,-74.41252598,54.20416076,96
839542,-75.56147002,54.20280724,96
839567,-77.82467002,54.20020724,96
839568,-77.79457002,54.20000724,96
839585,-75.16422598,54.20096076,96
839602,-77.43717002,54.19990724,96
839603,-74.86642598,54.20286076,96
839614,-76.35857002,54.20200724,96
839615,-75.96007002,54.19890724,96
839642,-77.41147002,54.19950724,96
839643,-77.10337002,54.19180724,96
839644,-76.87287002,54.19960724,96
839645,-76.68547002,54.19870724,96
839646,-74.64072598,54.19986076,96
839665,-74.73482598,54.19916076,96
839666,-74.67382598,54.19846076,96
839685,-77.00617002,54.19900724,96
839686,-74.70642598,54.19686076,96
839703,-75.18842598,54.19456076,96
839721,-76.61837002,54.19820724,96
839722,-76.11597002,54.19610724,96
839723,-75.96967002,54.19580724,96
839724,-75.54537002,54.19560724,96
839747,-76.69917002,54.19490724,96
839748,-74.95042598,54.19476076,96
839749,-74.64792598,54.19416076,96
839750,-74.63362598,54.19576076,96
839784,-77.76347002,54.19510724,96
839785,-76.56617002,54.19590724,96
839802,-77.73657002,54.19470724,96
839803,-75.48227002,54.19510724,96
839831,-75.06212598,54.19456076,96
839840,-77.24267002,54.19340724,96
839841,-76.82207002,54.19570724,96
839842,-74.81962598,54.19676076,96
839865,-77.86757002,54.19220724,96
839878,-77.75707002,54.18740724,96
839879,-76.89277002,54.19320724,96
839880,-75.03922598,54.19026076,96
839881,-74.76072598,54.19156076,96
839895,-77.77357002,54.18980724,96
839896,-77.56347002,54.18960724,96
839897,-76.94077002,54.19150724,96
839898,-75.49627002,54.19570724,96
839899,-75.08602598,54.19036076,96
839900,-75.07552598,54.18906076,96
839912,-77.44557002,54.19270724,96
839913,-76.84717002,54.19400724,96
839914,-74.83752598,54.19266076,96
839958,-77.71767002,54.18900724,96
839959,-74.84312598,54.19046076,96
839975,-76.12777002,54.18970724,96
839976,-75.31767002,54.19100724,96
839977,-75.13122598,54.18886076,96
839978,-74.72672598,54.19036076,96
839997,-77.96947002,54.18930724,96
839998,-75.51077002,54.18950724,96
840042,-76.74477002,54.18850724,96
840056,-77.04057002,54.18230724,96
840057,-77.02467002,54.18880724,96
840058,-75.05032598,54.18616076,96
840073,-75.03142598,54.18806076,96
840086,-77.93697002,54.18780724,96
840087,-76.15257002,54.18700724,96
840088,-75.23822598,54.18676076,96
840089,-74.81632598,54.18736076,96
840090,-74.50922598,54.18716076,96
840110,-77.80027002,54.18750724,96
840111,-75.90427002,54.18690724,96
840112,-75.48467002,54.18730724,96
840113,-74.47602598,54.17226076,96
840133,-77.65947002,54.18610724,96
840134,-76.62607002,54.18580724,96
840153,-77.87617002,54.18280724,96
840154,-77.31117002,54.18590724,96
840185,-76.96857002,54.18180724,96
840208,-75.27142598,54.18126076,96
840209,-74.67392598,54.18346076,96
840236,-77.97587002,54.18530724,96
840237,-77.23097002,54.18240724,96
840238,-77.15467002,54.18560724,96
840239,-76.70487002,54.18360724,96
840240,-76.35077002,54.18350724,96
840241,-74.77522598,54.18646076,96
840260,-77.92357002,54.18240724,96
840261,-74.80832598,54.18336076,96
840262,-74.74832598,54.18326076,96
840263,-74.69192598,54.18266076,96
840264,-74.43252598,54.18286076,96
840281,-77.33787002,54.18150724,96
840282,-76.76237002,54.18170724,96
840283,-75.36897002,54.18160724,96
840311,-77.89737002,54.18220724,96
840312,-77.84587002,54.18200724,96
840313,-76.09587002,54.18080724,96
840314,-75.44647002,54.17860724,96
840315,-74.54472598,54.18066076,96
840330,-76.36547002,54.18080724,96
840331,-74.55312598,54.17976076,96
840352,-76.78477002,54.17960724,96
840353,-75.63537002,54.17650724,96
840379,-77.96607002,54.18200724,96
840380,-77.94667002,54.18070724,96
840381,-75.81747002,54.17850724,96
840382,-74.98882598,54.17656076,96
840383,-74.82762598,54.17986076,96
840384,-74.45502598,54.17896076,96
840402,-77.28357002,54.18650724,96
840403,-77.03787002,54.18320724,96
840424,-77.31647002,54.17670724,96
840425,-75.75667002,54.17870724,96
840440,-75.20682598,54.17746076,96
840460,-77.73027002,54.17820724,96
840461,-75.31497002,54.17660724,96
840486,-77.82627002,54.17730724,96
840487,-75.90767002,54.17670724,96
840510,-76.92857002,54.17500724,96
840511,-76.49447002,54.17640724,96
840512,-76.47927002,54.17690724,96
840537,-77.62487002,54.17400724,96
840538,-77.57637002,54.17390724,96
840573,-77.10487002,54.17750724,96
840574,-76.57667002,54.17740724,96
840595,-77.29407002,54.17480724,96
840596,-75.75867002,54.17380724,96
840615,-76.70327002,54.17430724,96
840632,-75.73117002,54.17400724,96
840650,-76.85907002,54.17310724,96
840673,-77.42397002,54.17180724,96
840674,-76.87347002,54.17160724,96
840675,-75.23422598,54.16886076,96
840692,-77.51407002,54.17110724,96
840693,-77.22637002,54.16910724,96
840694,-75.90847002,54.17140724,96
840695,-75.70857002,54.16850724,96
840722,-77.58457002,54.17080724,96
840723,-75.21452598,54.17046076,96
840724,-74.67112598,54.17146076,96
840739,-76.67267002,54.17000724,96
840740,-74.40222598,54.17226076,96
840752,-77.96677002,54.17070724,96
840753,-76.74047002,54.17210724,96
840754,-76.43937002,54.17170724,96
840770,-77.91837002,54.17050724,96
840771,-77.74807002,54.16990724,96
840787,-77.42077002,54.16860724,96
840788,-74.73142598,54.16636076,96
840806,-76.96107002,54.16420724,96
840807,-74.69062598,54.16726076,96
840823,-77.55507002,54.16780724,96
840824,-77.45317002,54.16680724,96
840859,-74.94792598,54.16666076,96
840874,-75.24942598,54.16916076,96
840875,-75.15822598,54.16456076,96
840892,-76.50447002,54.16790724,96
840893,-74.58872598,54.16636076,96
840909,-75.62447002,54.16270724,96
840910,-75.09522598,54.16446076,96
840921,-77.93857002,54.16550724,96
840922,-76.93967002,54.16460724,96
840955,-75.73897002,54.16920724,96
840956,-74.56362598,54.16686076,96
840979,-76.48997002,54.16410724,96
840980,-76.27027002,54.16330724,96
840981,-75.49627002,54.16320724,96
840982,-75.19932598,54.16346076,96
841006,-75.05322598,54.16246076,96
841019,-76.94527002,54.16070724,96
841020,-76.08487002,54.16130724,96
841049,-76.75687002,54.16510724,96
841050,-76.71937002,54.16610724,96
841051,-76.62307002,54.16150724,96
841052,-75.76987002,54.16350724,96
841053,-75.27182598,54.16346076,96
841073,-76.53527002,54.16160724,96
841074,-75.00042598,54.16096076,96
841086,-77.85137002,54.16530724,96
841087,-77.81807002,54.16520724,96
841088,-76.02897002,54.16050724,96
841089,-74.49322598,54.16096076,96
841114,-76.85077002,54.16040724,96
841115,-75.49367002,54.16010724,96
841131,-77.32237002,54.15830724,96
841132,-77.09197002,54.15790724,96
841133,-76.68847002,54.15920724,96
841150,-76.41477002,54.15970724,96
841151,-75.80167002,54.15950724,96
841175,-77.48047002,54.15870724,96
841176,-77.23407002,54.15960724,96
841177,-76.73497002,54.15720724,96
841191,-75.64357002,54.15760724,96
841192,-75.52017002,54.15800724,96
841202,-77.46527002,54.15670724,96
841203,-77.26287002,54.16010724,96
841204,-76.97757002,54.15500724,96
841230,-77.24937002,54.15480724,96
841231,-77.11257002,54.15700724,96
841232,-76.69857002,54.15670724,96
841233,-75.40437002,54.15660724,96
841249,-75.66887002,54.15680724,96
841250,-75.53207002,54.15640724,96
841287,-77.42277002,54.15470724,96
841288,-75.61497002,54.15470724,96
841289,-74.68072598,54.15386076,96
841314,-77.43227002,54.15480724,96
841315,-76.73267002,54.15130724,96
841347,-74.42562598,54.15486076,96
841361,-76.44717002,54.15340724,96
841375,-76.40137002,54.15230724,96
841392,-77.47847002,54.15230724,96
841393,-76.08137002,54.15370724,96
841438,-76.87007002,54.15100724,96
841453,-77.64037002,54.15120724,96
841454,-77.37087002,54.15220724,96
841455,-77.24177002,54.14980724,96
841456,-77.08257002,54.14900724,96
841457,-76.92407002,54.14990724,96
841458,-76.82767002,54.15160724,96
841459,-75.71237002,54.14570724,96
841460,-74.76522598,54.15226076,96
841474,-76.80587002,54.14970724,96
841475,-75.10222598,54.14916076,96
841496,-77.96197002,54.15020724,96
841497,-77.68787002,54.15160724,96
841505,-77.20297002,54.14940724,96
841506,-75.31017002,54.14970724,96
841518,-75.19332598,54.14986076,96
841535,-74.70502598,54.14906076,96
841555,-75.99477002,54.14750724,96
841556,-75.29607002,54.14740724,96
841557,-75.07382598,54.14806076,96
841558,-75.04602598,54.14976076,96
841574,-77.29447002,54.14710724,96
841595,-76.67657002,54.14640724,96
841596,-74.89452598,54.14386076,96
841628,-76.44197002,54.14600724,96
841629,-76.39837002,54.14250724,96
841642,-76.71737002,54.14050724,96
841656,-77.11147002,54.14660724,96
841657,-76.64497002,54.14550724,96
841658,-75.97107002,54.14470724,96
841671,-77.43307002,54.14550724,96
841672,-75.12262598,54.14556076,96
841699,-77.55977002,54.14520724,96
841700,-76.06207002,54.14390724,96
841701,-76.00657002,54.14620724,96
841726,-77.89937002,54.13800724,96
841727,-77.49067002,54.14740724,96
841746,-77.63447002,54.14220724,96
841747,-77.48077002,54.14240724,96
841748,-75.81137002,54.14340724,96
841771,-74.97502598,54.14116076,96
841772,-74.40772598,54.14386076,96
841814,-77.19077002,54.14270724,96
841815,-76.94667002,54.14240724,96
841816,-76.50557002,54.14110724,96
841817,-75.23152598,54.14366076,96
841818,-74.43422598,54.14116076,96
841831,-77.57287002,54.14240724,96
841832,-77.08357002,54.13890724,96
841833,-76.90237002,54.14250724,96
841834,-75.39037002,54.14270724,96
841853,-75.16252598,54.14056076,96
841886,-77.46437002,54.13920724,96
841887,-77.34927002,54.13950724,96
841888,-77.22497002,54.14060724,96
841889,-77.04367002,54.13980724,96
841905,-75.21422598,54.13766076,96
841948,-76.86707002,54.13460724,96
841966,-77.92817002,54.13940724,96
841967,-77.69077002,54.13910724,96
841968,-76.82017002,54.14160724,96
841969,-76.42947002,54.13800724,96
841970,-74.46372598,54.13826076,96
841990,-77.94367002,54.13750724,96
841991,-76.35697002,54.13700724,96
841992,-75.55197002,54.13740724,96
842007,-76.67227002,54.13060724,96
842008,-76.64537002,54.13400724,96
842009,-76.44647002,54.13500724,96
842010,-74.75362598,54.13526076,96
842027,-76.45567002,54.13530724,96
842028,-75.15712598,54.13546076,96
842029,-75.10852598,54.13656076,96
842030,-74.73072598,54.13636076,96
842043,-75.74217002,54.13210724,96
842044,-74.44302598,54.13376076,96
842065,-77.22217002,54.13530724,96
842066,-75.78607002,54.14010724,96
842083,-77.55217002,54.13140724,96
842084,-74.57912598,54.13256076,96
842125,-77.43987002,54.13570724,96
842126,-74.46542598,54.13326076,96
842141,-75.39767002,54.13410724,96
842156,-77.47037002,54.13320724,96
842157,-76.40577002,54.13270724,96
842158,-74.69932598,54.13276076,96
842171,-76.50767002,54.12880724,96
842188,-77.07817002,54.13110724,96
842189,-76.93577002,54.13140724,96
842190,-75.20972598,54.13086076,96
842212,-75.07852598,54.12946076,96
842235,-77.20697002,54.12760724,96
842236,-75.97867002,54.12860724,96
842237,-75.24182598,54.12986076,96
842238,-75.06712598,54.13056076,96
842260,-74.73762598,54.12986076,96
842289,-76.54117002,54.12950724,96
842299,-75.14022598,54.13086076,96
842314,-75.91787002,54.12770724,96
842315,-75.22342598,54.13066076,96
842316,-75.04592598,54.12846076,96
842335,-77.11367002,54.12800724,96
842336,-75.75807002,54.12690724,96
842337,-75.25742598,54.12966076,96
842360,-76.61617002,54.12720724,96
842361,-75.71727002,54.12600724,96
842362,-74.84742598,54.12716076,96
842383,-77.68477002,54.12670724,96
842384,-77.28667002,54.12120724,96
842385,-77.03567002,54.12080724,96
842399,-77.96807002,54.12370724,96
842400,-77.57127002,54.12560724,96
842401,-77.44447002,54.12510724,96
842402,-74.80552598,54.12466076,96
842419,-77.19277002,54.12260724,96
842420,-77.05497002,54.12320724,96
842421,-76.40877002,54.12240724,96
842422,-76.12267002,54.12380724,96
842423,-76.07157002,54.12360724,96
842424,-75.62017002,54.12490724,96
842439,-76.92497002,54.12600724,96
842440,-76.57137002,54.12280724,96
842441,-75.15742598,54.12536076,96
842456,-77.34547002,54.12130724,96
842457,-75.67977002,54.12390724,96
842476,-77.16187002,54.12330724,96
842491,-76.15097002,54.12280724,96
842492,-75.39447002,54.12610724,96
842515,-77.53107002,54.11980724,96
842538,-76.48317002,54.12320724,96
842539,-75.16712598,54.12226076,96
842540,-74.54862598,54.12216076,96
842558,-77.47097002,54.12040724,96
842559,-77.42337002,54.12180724,96
842560,-74.66782598,54.12086076,96
842574,-77.62177002,54.12170724,96
842575,-76.99527002,54.12060724,96
842588,-75.57967002,54.12030724,96
842589,-75.21542598,54.12166076,96
842599,-75.70447002,54.12170724,96
842600,-75.03482598,54.11806076,96
842616,-77.50887002,54.12120724,96
842617,-76.64657002,54.11960724,96
842618,-75.11762598,54.11796076,96
842643,-76.78977002,54.11900724,96
842644,-75.30977002,54.11930724,96
842645,-74.55532598,54.11866076,96
842658,-77.63117002,54.11690724,96
842677,-77.56427002,54.11790724,96
842678,-77.43847002,54.11850724,96
842679,-77.06207002,54.12100724,96
842680,-75.50667002,54.11760724,96
842694,-77.33267002,54.11790724,96
842695,-77.31107002,54.11760724,96
842696,-75.19532598,54.11156076,96
842697,-74.61242598,54.11966076,96
842717,-76.00437002,54.11270724,96
842718,-74.58502598,54.11736076,96
842732,-77.81627002,54.11430724,96
842733,-76.03727002,54.11500724,96
842734,-75.26942598,54.11336076,96
842741,-77.51987002,54.11750724,96
842742,-76.86197002,54.12080724,96
842743,-75.66557002,54.11710724,96
842744,-75.30897002,54.11300724,96
842745,-75.29127002,54.11920724,96
842746,-74.73072598,54.11526076,96
842761,-76.61377002,54.11720724,96
842783,-76.41977002,54.11460724,96
842784,-75.88447002,54.11510724,96
842785,-74.68462598,54.11516076,96
842805,-74.99142598,54.11456076,96
842806,-74.92042598,54.11256076,96
842842,-77.87747002,54.11200724,96
842843,-74.72292598,54.11276076,96
842867,-77.46577002,54.11460724,96
842868,-77.05747002,54.11270724,96
842881,-77.04577002,54.11210724,96
842882,-76.56597002,54.11360724,96
842883,-75.32447002,54.11350724,96
842893,-76.48067002,54.11410724,96
842908,-77.53147002,54.11060724,96
842909,-77.35947002,54.11170724,96
842910,-76.59817002,54.11210724,96
842911,-75.52037002,54.11310724,96
842937,-77.83037002,54.11130724,96
842938,-76.64467002,54.11650724,96
842939,-75.72177002,54.11910724,96
842976,-77.51487002,54.11030724,96
842977,-74.67972598,54.10906076,96
843001,-77.54947002,54.11040724,96
843002,-77.28507002,54.10790724,96
843022,-77.84127002,54.10920724,96
843023,-77.67847002,54.10830724,96
843024,-76.11087002,54.11140724,96
843025,-75.29797002,54.10890724,96
843045,-77.26827002,54.10420724,96
843046,-77.25517002,54.10790724,96
843047,-76.92797002,54.10870724,96
843048,-76.82277002,54.10770724,96
843049,-76.38957002,54.10860724,96
843050,-74.71112598,54.10526076,96
843065,-77.82367002,54.10630724,96
843066,-77.21357002,54.10880724,96
843067,-74.64922598,54.11026076,96
843080,-77.18947002,54.10810724,96
843081,-76.67147002,54.10880724,96
843082,-76.46417002,54.10990724,96
843099,-77.38847002,54.10930724,96
843117,-77.77737002,54.10660724,96
843137,-75.72657002,54.10750724,96
843155,-77.84287002,54.10480724,96
843156,-75.34697002,54.10900724,96
843179,-77.04617002,54.10460724,96
843202,-77.29477002,54.10440724,96
843227,-77.49347002,54.10400724,96
843245,-75.86707002,54.10330724,96
843246,-75.70247002,54.10440724,96
843269,-77.19697002,54.10280724,96
843270,-77.02947002,54.10840724,96
843271,-76.64367002,54.10480724,96
843285,-75.20502598,54.10246076,96
843286,-74.61862598,54.10326076,96
843331,-77.57477002,54.10240724,96
843332,-76.61887002,54.10180724,96
843333,-75.95127002,54.10090724,96
843354,-77.23397002,54.09870724,96
843355,-76.90047002,54.10020724,96
843356,-75.17222598,54.09976076,96
843376,-77.51787002,54.09870724,96
843377,-77.51017002,54.09740724,96
843391,-76.08007002,54.10300724,96
843413,-77.03637002,54.09910724,96
843425,-77.93967002,54.09770724,96
843470,-77.89617002,54.09780724,96
843471,-77.33027002,54.09720724,96
843472,-77.07497002,54.09810724,96
843488,-76.58897002,54.09350724,96
843489,-76.55657002,54.09630724,96
843490,-76.09347002,54.09640724,96
843537,-77.61437002,54.09520724,96
843563,-75.19152598,54.09676076,96
843564,-75.01022598,54.09746076,96
843579,-74.64712598,54.09706076,96
843580,-74.62882598,54.09076076,96
843590,-77.44347002,54.09420724,96
843591,-75.45937002,54.09430724,96
843609,-77.89847002,54.09360724,96
843610,-76.03907002,54.09260724,96
843611,-75.97687002,54.09430724,96
843612,-74.55672598,54.09406076,96
843628,-76.02657002,54.08990724,96
843629,-75.24522598,54.09436076,96
843630,-74.72112598,54.09336076,96
843631,-74.63672598,54.09336076,96
843651,-76.90857002,54.09110724,96
843652,-76.40497002,54.09290724,96
843672,-75.48417002,54.09230724,96
843684,-75.62997002,54.09250724,96
843693,-75.99977002,54.09610724,96
843694,-75.08612598,54.09466076,96
843695,-74.81072598,54.09096076,96
843711,-77.29287002,54.09130724,96
843712,-75.00322598,54.09136076,96
843713,-74.69482598,54.09256076,96
843714,-74.57092598,54.09166076,96
843733,-77.73297002,54.09010724,96
843734,-77.68227002,54.09160724,96
843735,-77.38497002,54.08310724,96
843746,-77.31827002,54.08990724,96
843747,-75.87167002,54.09210724,96
843758,-77.58807002,54.09120724,96
843759,-74.45432598,54.08916076,96
843773,-77.83307002,54.08830724,96
843794,-77.54347002,54.08850724,96
843795,-74.60022598,54.08946076,96
843815,-77.11617002,54.08760724,96
843816,-77.01077002,54.08380724,96
843817,-74.42892598,54.08686076,96
843847,-77.56777002,54.08730724,96
843848,-77.45037002,54.08180724,96
843849,-74.98722598,54.08656076,96
843871,-77.90257002,54.08680724,96
843872,-77.18147002,54.08570724,96
843873,-76.52127002,54.08650724,96
843874,-75.41617002,54.08560724,96
843875,-75.39927002,54.08620724,96
843898,-77.14717002,54.08580724,96
843899,-75.84777002,54.09160724,96
843918,-75.97027002,54.08550724,96
843935,-76.50877002,54.08500724,96
843936,-75.93267002,54.08430724,96
843937,-75.21292598,54.08826076,96
843962,-77.46577002,54.08520724,96
843963,-76.22707002,54.07840724,96
843964,-75.62587002,54.08400724,96
843965,-74.40392598,54.08476076,96
843989,-75.48397002,54.08400724,96
843990,-74.56202598,54.08156076,96
843991,-74.46212598,54.08286076,96
844007,-77.92827002,54.08410724,96
844008,-74.71092598,54.08466076,96
844017,-77.87547002,54.08320724,96
844018,-77.51637002,54.08210724,96
844019,-77.30977002,54.08690724,96
844020,-75.45817002,54.08150724,96
844021,-75.00682598,54.08376076,96
844049,-74.70462598,54.08236076,96
844069,-74.53322598,54.08146076,96
844093,-77.63277002,54.08130724,96
844094,-77.14677002,54.08050724,96
844095,-76.93747002,54.07800724,96
844096,-76.60087002,54.08080724,96
844097,-75.43817002,54.07960724,96
844098,-74.88832598,54.08126076,96
844142,-77.47277002,54.07980724,96
844143,-76.89627002,54.08020724,96
844144,-76.00747002,54.08200724,96
844145,-75.16922598,54.08026076,96
844146,-74.82412598,54.08026076,96
844182,-76.85497002,54.07650724,96
844198,-77.92947002,54.07980724,96
844199,-77.23867002,54.08710724,96
844200,-76.56077002,54.08120724,96
844201,-74.49542598,54.08316076,96
844218,-77.18667002,54.07950724,96
844219,-75.19632598,54.07826076,96
844234,-77.55447002,54.07800724,96
844235,-77.07107002,54.08260724,96
844236,-77.02187002,54.07810724,96
844237,-76.09077002,54.07630724,96
844238,-75.90597002,54.08020724,96
844256,-77.39867002,54.07780724,96
844278,-75.39127002,54.07840724,96
844300,-74.90682598,54.07396076,96
844301,-74.50602598,54.07596076,96
844324,-77.66787002,54.07560724,96
844325,-77.26387002,54.07510724,96
844326,-75.60967002,54.07550724,96
844327,-74.76442598,54.07856076,96
844344,-75.41127002,54.07480724,96
844359,-77.61707002,54.07680724,96
844372,-76.26787002,54.07510724,96
844373,-75.95537002,54.07420724,96
844392,-77.46387002,54.07510724,96
844393,-77.10027002,54.07290724,96
844394,-76.00447002,54.07740724,96
844410,-75.69277002,54.07340724,96
844411,-74.82572598,54.07266076,96
844412,-74.44372598,54.06926076,96
844431,-77.63367002,54.07360724,96
844451,-75.88497002,54.07390724,96
844467,-76.28107002,54.07090724,96
844468,-76.04937002,54.07130724,96
844469,-75.73317002,54.07130724,96
844470,-75.40427002,54.06970724,96
844471,-74.66182598,54.07106076,96
844493,-77.29207002,54.07050724,96
844494,-74.81322598,54.07066076,96
844519,-77.67007002,54.06990724,96
844535,-77.72687002,54.07020724,96
844536,-77.36417002,54.06950724,96
844537,-75.98277002,54.07020724,96
844538,-75.62367002,54.06980724,96
844539,-74.58262598,54.07306076,96
844557,-77.26857002,54.06870724,96
844558,-76.00307002,54.06930724,96
844559,-75.22182598,54.06976076,96
844560,-74.54412598,54.06926076,96
844573,-77.32247002,54.06870724,96
844574,-77.23067002,54.06850724,96
844575,-75.17472598,54.06656076,96
844576,-74.46372598,54.06946076,96
844593,-77.85717002,54.06770724,96
844594,-76.23847002,54.06730724,96
844595,-75.60107002,54.06520724,96
844596,-74.56942598,54.06636076,96
844618,-77.27807002,54.06690724,96
844619,-75.88097002,54.06940724,96
844620,-74.97542598,54.06606076,96
844641,-76.15847002,54.06600724,96
844642,-75.57357002,54.06660724,96
844667,-74.53622598,54.06056076,96
844696,-77.43377002,54.06750724,96
844697,-74.93382598,54.06586076,96
844709,-77.87957002,54.06580724,96
844733,-76.89557002,54.06500724,96
844734,-76.07797002,54.06620724,96
844735,-75.72377002,54.06520724,96
844758,-77.43997002,54.06410724,96
844759,-77.42027002,54.06260724,96
844760,-76.96647002,54.06270724,96
844761,-75.70327002,54.06390724,96
844780,-77.65107002,54.06480724,96
844781,-74.61922598,54.06516076,96
844800,-75.05132598,54.06386076,96
844801,-74.85432598,54.06556076,96
844802,-74.67882598,54.06396076,96
844814,-77.34107002,54.05990724,96
844815,-77.21297002,54.06020724,96
844833,-77.28997002,54.06570724,96
844834,-77.03847002,54.06390724,96
844835,-77.00937002,54.06700724,96
844851,-77.13467002,54.06150724,96
844852,-77.06537002,54.06580724,96
844853,-76.83907002,54.06020724,96
844854,-76.81147002,54.06230724,96
844871,-77.81877002,54.06360724,96
844872,-76.91047002,54.06130724,96
844873,-76.87977002,54.05990724,96
844874,-75.10272598,54.06076076,96
844889,-74.81012598,54.06126076,96
844925,-77.76917002,54.05760724,96
844926,-77.60227002,54.05970724,96
844927,-77.10667002,54.06050724,96
844943,-76.87627002,54.05130724,96
844974,-77.80597002,54.05650724,96
844975,-75.44647002,54.05800724,96
844976,-74.87332598,54.05816076,96
844977,-74.84592598,54.05886076,96
845005,-77.88047002,54.04870724,96
845006,-77.47017002,54.05860724,96
845007,-76.95507002,54.05670724,96
845008,-76.12887002,54.06290724,96
845009,-75.98957002,54.05540724,96
845022,-74.76292598,54.05786076,96
845058,-77.40407002,54.05430724,96
845059,-77.36357002,54.05550724,96
845060,-76.01187002,54.05570724,96
845061,-75.14412598,54.06346076,96
845078,-75.60617002,54.05380724,96
845079,-75.04372598,54.05576076,96
845118,-77.75287002,54.05420724,96
845119,-74.62592598,54.05316076,96
845132,-77.32987002,54.04810724,96
845133,-74.57462598,54.05226076,96
845147,-77.61967002,54.05450724,96
845157,-75.89537002,54.05230724,96
845158,-74.95822598,54.05346076,96
845174,-77.72187002,54.05290724,96
845175,-77.12127002,54.05170724,96
845176,-76.92117002,54.05210724,96
845177,-76.07007002,54.05250724,96
845193,-75.94287002,54.05240724,96
845194,-75.11052598,54.05246076,96
845195,-74.88672598,54.05246076,96
845232,-77.14737002,54.04740724,96
845233,-76.83387002,54.05010724,96
845234,-76.09497002,54.04910724,96
845235,-75.39337002,54.05180724,96
845253,-77.09667002,54.05090724,96
845272,-76.96367002,54.05000724,96
845273,-76.78787002,54.04790724,96
845274,-74.61322598,54.04976076,96
845285,-77.62457002,54.04140724,96
845286,-74.89972598,54.05126076,96
845287,-74.42982598,54.05106076,96
845301,-76.85567002,54.04900724,96
845302,-74.70282598,54.04836076,96
845303,-74.60302598,54.04946076,96
845317,-75.92717002,54.04780724,96
845318,-74.53402598,54.05156076,96
845319,-74.51622598,54.04926076,96
845333,-77.41047002,54.04840724,96
845334,-75.09272598,54.04846076,96
845353,-77.45427002,54.04820724,96
845354,-74.87442598,54.04786076,96
845355,-74.63032598,54.04756076,96
845376,-77.27807002,54.04750724,96
845377,-74.50022598,54.04716076,96
845413,-77.75677002,54.04130724,96
845414,-76.05107002,54.04660724,96
845415,-75.03142598,54.04636076,96
845441,-77.49687002,54.04700724,96
845442,-74.54942598,54.04756076,96
845459,-76.06637002,54.04060724,96
845460,-74.92942598,54.04946076,96
845480,-75.62417002,54.04440724,96
845481,-74.75072598,54.04386076,96
845494,-75.86977002,54.04380724,96
845495,-74.58362598,54.04436076,96
845509,-77.78257002,54.04200724,96
845510,-74.69402598,54.04326076,96
845523,-77.43307002,54.04280724,96
845543,-76.98397002,54.04620724,96
845544,-75.98547002,54.04220724,96
845545,-75.49127002,54.04090724,96
845546,-74.72202598,54.04146076,96
845547,-74.54562598,54.04056076,96
845557,-75.15492598,54.03896076,96
845558,-74.96052598,54.04116076,96
845572,-74.90422598,54.04176076,96
845598,-76.93797002,54.04070724,96
845599,-75.89827002,54.04120724,96
845600,-75.20292598,54.04196076,96
845620,-76.73697002,54.03870724,96
845621,-74.92812598,54.04016076,96
845622,-74.53632598,54.04156076,96
845644,-77.26937002,54.03890724,96
845645,-75.14382598,54.03826076,96
845663,-76.18177002,54.03880724,96
845681,-75.13772598,54.03796076,96
845710,-75.02202598,54.03846076,96
845711,-74.85912598,54.03996076,96
845722,-77.62067002,54.03630724,96
845723,-77.54457002,54.03490724,96
845724,-77.30347002,54.03840724,96
845725,-77.03737002,54.03770724,96
845726,-75.11652598,54.03746076,96
845727,-74.40542598,54.03736076,96
845746,-74.98982598,54.03616076,96
845747,-74.93652598,54.03666076,96
845766,-75.87407002,54.03540724,96
845767,-74.84442598,54.03436076,96
845780,-77.11097002,54.03370724,96
845781,-74.72742598,54.03526076,96
845798,-75.78507002,54.03470724,96
845799,-75.64817002,54.03460724,96
845817,-77.55897002,54.03380724,96
845818,-77.28117002,54.03360724,96
845819,-75.99447002,54.03250724,96
845820,-74.80262598,54.03626076,96
845843,-77.17027002,54.03400724,96
845844,-74.71772598,54.03276076,96
845877,-77.00777002,54.03360724,96
845878,-76.98387002,54.03220724,96
845894,-76.09297002,54.03360724,96
845895,-74.93212598,54.03376076,96
845896,-74.79222598,54.03186076,96
845910,-77.29387002,54.03160724,96
845911,-76.95877002,54.03160724,96
845912,-75.97027002,54.03220724,96
845934,-76.97067002,54.03110724,96
845935,-75.61257002,54.03390724,96
845957,-76.02867002,54.03080724,96
845958,-74.85162598,54.03106076,96
845978,-76.06347002,54.03080724,96
845979,-75.85887002,54.03630724,96
845980,-75.32667002,54.02980724,96
845994,-76.08677002,54.02700724,96
845995,-75.62637002,54.02850724,96
846015,-77.52907002,54.03110724,96
846016,-74.93012598,54.02846076,96
846030,-77.13227002,54.03210724,96
846031,-77.08797002,54.03000724,96
846032,-76.82007002,54.03130724,96
846033,-76.71037002,54.03080724,96
846034,-75.88817002,54.03020724,96
846035,-74.74882598,54.03176076,96
846050,-77.21227002,54.02880724,96
846051,-76.94907002,54.02730724,96
846052,-74.87312598,54.02896076,96
846068,-77.30607002,54.02810724,96
846069,-77.14427002,54.02460724,96
846070,-75.94477002,54.03340724,96
846083,-77.04187002,54.02810724,96
846084,-76.78477002,54.02740724,96
846108,-75.79957002,54.02680724,96
846109,-74.65002598,54.02406076,96
846133,-76.89607002,54.03000724,96
846134,-76.32987002,54.02820724,96
846135,-75.92147002,54.02800724,96
846152,-75.71037002,54.02460724,96
846175,-77.20177002,54.02570724,96
846176,-76.06337002,54.02440724,96
846177,-75.60907002,54.02370724,96
846196,-76.92287002,54.02670724,96
846197,-74.79252598,54.02596076,96
846211,-75.90047002,54.02410724,96
846212,-75.81577002,54.02580724,96
846228,-77.25527002,54.02400724,96
846229,-76.10067002,54.02420724,96
846230,-75.77857002,54.02420724,96
846252,-77.21677002,54.02340724,96
846253,-75.86517002,54.02370724,96
846254,-75.72707002,54.02520724,96
846255,-74.90112598,54.02196076,96
846267,-77.48717002,54.02270724,96
846268,-76.93647002,54.02210724,96
846269,-76.73467002,54.02330724,96
846290,-75.74967002,54.02220724,96
846291,-74.85622598,54.02126076,96
846292,-74.81462598,54.02196076,96
846310,-77.73157002,54.02050724,96
846311,-76.74267002,54.02240724,96
846312,-75.07242598,54.02326076,96
846351,-77.28517002,54.02500724,96
846352,-75.59207002,54.02490724,96
846360,-77.61337002,54.02100724,96
846361,-75.79767002,54.02100724,96
846371,-77.16017002,54.02260724,96
846372,-75.83687002,54.01820724,96
846373,-74.71192598,54.01946076,96
846391,-74.40472598,54.01956076,96
846415,-77.39657002,54.01740724,96
846416,-76.60807002,54.01850724,96
846417,-75.35507002,54.01860724,96
846434,-77.33947002,54.01760724,96
846435,-75.74907002,54.01830724,96
846451,-77.95287002,54.01720724,96
846452,-77.08167002,54.01710724,96
846467,-76.84757002,54.01730724,96
846468,-75.80677002,54.01700724,96
846469,-74.49742598,54.01706076,96
846491,-74.85512598,54.01406076,96
846507,-77.13107002,54.01750724,96
846508,-77.09317002,54.01880724,96
846509,-76.90807002,54.01340724,96
846532,-76.62977002,54.01470724,96
846533,-76.06137002,54.01540724,96
846547,-77.98077002,54.01530724,96
846548,-76.01947002,54.01520724,96
846549,-75.00412598,54.01526076,96
846550,-74.82592598,54.01466076,96
846572,-76.82737002,54.01810724,96
846573,-75.94717002,54.01170724,96
846574,-75.68547002,54.01570724,96
846575,-74.95852598,54.01736076,96
846597,-77.35917002,54.01300724,96
846598,-75.93317002,54.01960724,96
846599,-75.66467002,54.01430724,96
846617,-76.64107002,54.01330724,96
846618,-75.69667002,54.01360724,96
846649,-77.76697002,54.01240724,96
846650,-76.59697002,54.01300724,96
846651,-76.17347002,54.01170724,96
846652,-75.88857002,54.01430724,96
846670,-75.75897002,54.01400724,96
846690,-77.79687002,54.01290724,96
846691,-75.86887002,54.01400724,96
846706,-76.86707002,54.01260724,96
846707,-75.65367002,54.01200724,96
846708,-75.53817002,54.01080724,96
846728,-75.59017002,54.01030724,96
846748,-77.82727002,54.00930724,96
846749,-75.98127002,54.00570724,96
846767,-76.10357002,54.01170724,96
846768,-75.91147002,54.01030724,96
846769,-75.78447002,54.00590724,96
846770,-75.57197002,54.00740724,96
846801,-77.19677002,54.00720724,96
846802,-77.11637002,54.00480724,96
846803,-74.85122598,54.00816076,96
846819,-77.57567002,54.01060724,96
846842,-77.54397002,54.00730724,96
846843,-75.83947002,54.00770724,96
846844,-75.10632598,54.00906076,96
846845,-74.52952598,54.00706076,96
846857,-77.62307002,54.00740724,96
846874,-75.86007002,54.00510724,96
846875,-75.39177002,54.00680724,96
846896,-77.43037002,54.00590724,96
846897,-76.86217002,54.00590724,96
846917,-77.37947002,54.00480724,96
846918,-77.25027002,54.00600724,96
847010,-77.98097002,54.00250724,96
847011,-77.34197002,54.00350724,96
847034,-76.74667002,54.00570724,96
847035,-75.48427002,54.00200724,96
847036,-74.88292598,54.00266076,96
847054,-76.88147002,54.00070724,96
847055,-76.73067002,54.00310724,96
847056,-74.65352598,54.00386076,96
847074,-77.51687002,54.00050724,96
847075,-77.28467002,54.00500724,96
847076,-74.72182598,54.00126076,96
847102,-77.78607002,53.99910724,96
847103,-77.70407002,54.00040724,96
847104,-77.61327002,53.99660724,96
847105,-75.22872598,53.99746076,96
847120,-77.57297002,53.99960724,96
847121,-77.43097002,53.99900724,96
847122,-76.96527002,54.00040724,96
847123,-76.06027002,54.00200724,96
847134,-75.10792598,54.00076076,96
847146,-77.76047002,54.00090724,96
847147,-77.29997002,53.99970724,96
847148,-74.48092598,53.99876076,96
847162,-74.79202598,53.99496076,96
847182,-77.44837002,53.99850724,96
847201,-77.85817002,53.99490724,96
847202,-77.04437002,53.99740724,96
847203,-76.78387002,53.99610724,96
847204,-75.89257002,53.99850724,96
847228,-77.10897002,53.99710724,96
847229,-74.87032598,53.99716076,96
847230,-74.51952598,53.99716076,96
847244,-77.53877002,54.00230724,96
847245,-74.77852598,53.99586076,96
847246,-74.68012598,53.99586076,96
847264,-75.94847002,53.99600724,96
847265,-74.84642598,53.99506076,96
847278,-77.72257002,53.99890724,96
847279,-76.76717002,53.99550724,96
847291,-75.97027002,53.99580724,96
847292,-74.48682598,53.99536076,96
847306,-77.52897002,53.99710724,96
847307,-77.35217002,53.99770724,96
847308,-76.78057002,54.00810724,96
847321,-75.81647002,53.99470724,96
847337,-77.87377002,53.99360724,96
847338,-77.80547002,53.99640724,96
847339,-74.51882598,53.99046076,96
847383,-74.72942598,53.99036076,96
847396,-77.84777002,53.99090724,96
847397,-77.69637002,53.99310724,96
847398,-76.82097002,53.99050724,96
847399,-75.30717002,53.99260724,96
847400,-74.68212598,53.98886076,96
847417,-74.57582598,53.99446076,96
847432,-77.31567002,53.99410724,96
847446,-74.87292598,53.99086076,96
847463,-77.29157002,53.98970724,96
847464,-75.94997002,53.98980724,96
847465,-75.87577002,53.99120724,96
847466,-75.84027002,53.99030724,96
847467,-74.88632598,53.98876076,96
847485,-77.52377002,53.98910724,96
847486,-74.71302598,53.98826076,96
847508,-77.83277002,53.98780724,96
847509,-74.57112598,53.98876076,96
847528,-77.73077002,53.99160724,96
847529,-77.04557002,53.98720724,96
847530,-75.83217002,53.98770724,96
847548,-76.94487002,53.99050724,96
847549,-76.77487002,53.98570724,96
847561,-77.58467002,53.98850724,96
847562,-77.33667002,53.99210724,96
847563,-76.98407002,53.98950724,96
847585,-76.82277002,53.98330724,96
847600,-76.79997002,53.98560724,96
847601,-75.90897002,53.98700724,96
847621,-77.01617002,53.98700724,96
847622,-74.59002598,53.98586076,96
847623,-74.53102598,53.98596076,96
847643,-77.38477002,53.98480724,96
847644,-76.75127002,53.98630724,96
847645,-75.91737002,53.98470724,96
847667,-77.87477002,53.98070724,96
847668,-74.65392598,53.98416076,96
847691,-77.83487002,53.98270724,96
847692,-77.45677002,53.98360724,96
847693,-77.42087002,53.98390724,96
847694,-76.18327002,53.98310724,96
847695,-75.87607002,53.98280724,96
847705,-76.17407002,53.98150724,96
847722,-75.96517002,53.98540724,96
847738,-74.80792598,53.98306076,96
847751,-77.54067002,53.98260724,96
847752,-77.39407002,53.98040724,96
847753,-77.19337002,53.98330724,96
847754,-76.81087002,53.98240724,96
847755,-74.72292598,53.98186076,96
847770,-75.89897002,53.98250724,96
847787,-77.90427002,53.98050724,96
847788,-76.83707002,53.98250724,96
847789,-76.70467002,53.98110724,96
847790,-75.94327002,53.98150724,96
847810,-77.58987002,53.98230724,96
847811,-77.22727002,53.98080724,96
847812,-75.10912598,53.98076076,96
847813,-74.84512598,53.98076076,96
847836,-77.77047002,53.98090724,96
847837,-77.56587002,53.98090724,96
847838,-77.51287002,53.97760724,96
847839,-76.74807002,53.97760724,96
847840,-76.01357002,53.98250724,96
847841,-75.10072598,53.97976076,96
847857,-77.41567002,53.97900724,96
847858,-76.99397002,53.98020724,96
847859,-75.92057002,53.97690724,96
847860,-75.86457002,53.97890724,96
847861,-74.52282598,53.97806076,96
847877,-75.01252598,53.97646076,96
847878,-74.61162598,53.97876076,96
847879,-74.53632598,53.97856076,96
847894,-77.75427002,53.98020724,96
847895,-74.51002598,53.98026076,96
847914,-76.66847002,53.97750724,96
847927,-77.79967002,53.97790724,96
847928,-76.07107002,53.97650724,96
847973,-77.48017002,53.97650724,96
847974,-77.40097002,53.97430724,96
847975,-76.95947002,53.97630724,96
847976,-76.71667002,53.98210724,96
847977,-74.93432598,53.97646076,96
847978,-74.68392598,53.97706076,96
848003,-77.56957002,53.97550724,96
848004,-77.46757002,53.97850724,96
848005,-74.58872598,53.97526076,96
848026,-76.16637002,53.97420724,96
848027,-75.96407002,53.97480724,96
848047,-75.25382598,53.97356076,96
848059,-76.06357002,53.97450724,96
848060,-75.85637002,53.98310724,96
848061,-74.94232598,53.97536076,96
848084,-77.71017002,53.97410724,96
848085,-77.28417002,53.97400724,96
848086,-75.94997002,53.97450724,96
848100,-77.99227002,53.97220724,96
848101,-77.97727002,53.97370724,96
848102,-77.22067002,53.97290724,96
848103,-76.18567002,53.97270724,96
848104,-74.56052598,53.97276076,96
848105,-74.50912598,53.97396076,96
848138,-77.27017002,53.97210724,96
848139,-75.90197002,53.97230724,96
848140,-74.69782598,53.97066076,96
848152,-77.20467002,53.97230724,96
848153,-75.92067002,53.96760724,96
848182,-74.58002598,53.96956076,96
848207,-74.74362598,53.97086076,96
848234,-76.04657002,53.96610724,96
848246,-77.64717002,53.96810724,96
848247,-77.28587002,53.96760724,96
848248,-77.19837002,53.96920724,96
848261,-75.00452598,53.96526076,96
848280,-76.14857002,53.96860724,96
848281,-74.55882598,53.96606076,96
848294,-77.14307002,53.96760724,96
848295,-74.54012598,53.96536076,96
848325,-77.01867002,53.96480724,96
848326,-76.73107002,53.96930724,96
848379,-77.98687002,53.96570724,96
848380,-76.87897002,53.96630724,96
848381,-74.85222598,53.96366076,96
848415,-76.52977002,53.96350724,96
848416,-76.49307002,53.96110724,96
848434,-77.27307002,53.96240724,96
848468,-77.25217002,53.96250724,96
848476,-77.84937002,53.96410724,96
848477,-77.83087002,53.96800724,96
848478,-77.80207002,53.96490724,96
848479,-77.38597002,53.95720724,96
848480,-76.69287002,53.96110724,96
848500,-77.66927002,53.96180724,96
848501,-76.01787002,53.96010724,96
848522,-77.70657002,53.96100724,96
848523,-77.50357002,53.96080724,96
848549,-77.75737002,53.96600724,96
848550,-77.07837002,53.96080724,96
848551,-74.87542598,53.96106076,96
848568,-76.71507002,53.95720724,96
848584,-75.37877002,53.96040724,96
848610,-77.36167002,53.95810724,96
848635,-77.03157002,53.95620724,96
848636,-75.99507002,53.95450724,96
848651,-76.02887002,53.95800724,96
848666,-77.77747002,53.95930724,96
848667,-77.13597002,53.95690724,96
848668,-75.96327002,53.95720724,96
848669,-75.93747002,53.95550724,96
848670,-75.92567002,53.95380724,96
848746,-77.40437002,53.95610724,96
848747,-75.47707002,53.95080724,96
848760,-77.59967002,53.96030724,96
848761,-76.51987002,53.95630724,96
848762,-74.59152598,53.95556076,96
848774,-77.07097002,53.95440724,96
848794,-75.31607002,53.95340724,96
848842,-77.51657002,53.95090724,96
848843,-77.27857002,53.95170724,96
848844,-76.51767002,53.95120724,96
848845,-76.48567002,53.95040724,96
848846,-76.00657002,53.95150724,96
848862,-76.90437002,53.95240724,96
848863,-75.93517002,53.95080724,96
848877,-76.82457002,53.94900724,96
848878,-75.97297002,53.94930724,96
848893,-77.90737002,53.95060724,96
848894,-77.65087002,53.95260724,96
848907,-74.60122598,53.94986076,96
848923,-77.88807002,53.94880724,96
848924,-74.68172598,53.94876076,96
848942,-77.77447002,53.94780724,96
848943,-75.34477002,53.95090724,96
848957,-77.49527002,53.94690724,96
848979,-77.63747002,53.94670724,96
849008,-76.87227002,53.94710724,96
849009,-75.61447002,53.94430724,96
849010,-75.17192598,53.94696076,96
849024,-77.43067002,53.94530724,96
849054,-75.21292598,53.94766076,96
849067,-76.04557002,53.94950724,96
849068,-75.36847002,53.94520724,96
849084,-77.69737002,53.94540724,96
849085,-77.38437002,53.94170724,96
849086,-75.53017002,53.94010724,96
849087,-74.64522598,53.94856076,96
849098,-77.60467002,53.94330724,96
849099,-76.06517002,53.94220724,96
849129,-77.66257002,53.94610724,96
849130,-77.15297002,53.94190724,96
849131,-75.23822598,53.94136076,96
849132,-75.17592598,53.94096076,96
849133,-74.58092598,53.94166076,96
849149,-76.21317002,53.94020724,96
849150,-74.86542598,53.94306076,96
849161,-76.76337002,53.94080724,96
849162,-75.59717002,53.94240724,96
849175,-76.99967002,53.93930724,96
849176,-76.78517002,53.94040724,96
849190,-77.79317002,53.94070724,96
849191,-77.13067002,53.93760724,96
849207,-77.49697002,53.93940724,96
849208,-75.55837002,53.93450724,96
849209,-74.88802598,53.93626076,96
849240,-75.60427002,53.93720724,96
849241,-75.40997002,53.94010724,96
849257,-77.88307002,53.93350724,96
849258,-77.03587002,53.93780724,96
849259,-75.26402598,53.93676076,96
849272,-77.72737002,53.93580724,96
849273,-75.44607002,53.93470724,96
849274,-74.72122598,53.93406076,96
849294,-75.32977002,53.93770724,96
849311,-77.97307002,53.93350724,96
849328,-77.20207002,53.93640724,96
849329,-77.01227002,53.93630724,96
849330,-74.85132598,53.93656076,96
849338,-77.43437002,53.93560724,96
849339,-74.62532598,53.93116076,96
849360,-77.75047002,53.93510724,96
849361,-74.98762598,53.93406076,96
849387,-76.88867002,53.93410724,96
849400,-77.06907002,53.93090724,96
849412,-77.65367002,53.93550724,96
849413,-76.24677002,53.93190724,96
849429,-76.73327002,53.93550724,96
849430,-75.67657002,53.93220724,96
849454,-77.21557002,53.93030724,96
849493,-77.63807002,53.93200724,96
849494,-76.04877002,53.93290724,96
849509,-77.98857002,53.93090724,96
849510,-77.23317002,53.93120724,96
849511,-76.98397002,53.93060724,96
849556,-74.93262598,53.92786076,96
849569,-75.04722598,53.92876076,96
849607,-77.75677002,53.92890724,96
849608,-77.72937002,53.92750724,96
849627,-77.52387002,53.92490724,96
849628,-77.28577002,53.92190724,96
849643,-77.55437002,53.92740724,96
849644,-77.25757002,53.92720724,96
849645,-75.03292598,53.92736076,96
849646,-75.02252598,53.92626076,96
849667,-77.94217002,53.92640724,96
849668,-76.80007002,53.92500724,96
849711,-75.74477002,53.92350724,96
849712,-74.97382598,53.92476076,96
849719,-77.74197002,53.92670724,96
849734,-77.90597002,53.92350724,96
849735,-76.77777002,53.92440724,96
849736,-74.53942598,53.92466076,96
849755,-77.78707002,53.92640724,96
849779,-77.44137002,53.92380724,96
849780,-77.27557002,53.92300724,96
849781,-75.42517002,53.92330724,96
849820,-77.58357002,53.92130724,96
849821,-76.20327002,53.92170724,96
849822,-75.76167002,53.92170724,96
849841,-77.98607002,53.91960724,96
849855,-77.20647002,53.92220724,96
849867,-76.86077002,53.92070724,96
849895,-77.46357002,53.91990724,96
849896,-77.37357002,53.91990724,96
849897,-77.23987002,53.91740724,96
849898,-76.80107002,53.91830724,96
849917,-77.67717002,53.92030724,96
849925,-75.40497002,53.91920724,96
849939,-76.27787002,53.91830724,96
849950,-77.90997002,53.91600724,96
849951,-77.07627002,53.91720724,96
849952,-76.39007002,53.91530724,96
849965,-77.73617002,53.91460724,96
849966,-77.62357002,53.91830724,96
849967,-76.91047002,53.91760724,96
849976,-77.74357002,53.91860724,96
849977,-77.21897002,53.91690724,96
849978,-75.01282598,53.91266076,96
849979,-74.91472598,53.91846076,96
849997,-77.72107002,53.91550724,96
849998,-77.50367002,53.91630724,96
849999,-76.81797002,53.91880724,96
850019,-76.35307002,53.91310724,96
850034,-76.26807002,53.91520724,96
850049,-77.97307002,53.91400724,96
850072,-77.14357002,53.91280724,96
850091,-77.89137002,53.90820724,96
850092,-77.85527002,53.90990724,96
850093,-76.89157002,53.90900724,96
850137,-77.41947002,53.91030724,96
850138,-77.01097002,53.91270724,96
850139,-75.74887002,53.91210724,96
850157,-77.79757002,53.91920724,96
850185,-77.57237002,53.91010724,96
850186,-77.53047002,53.91240724,96
850216,-77.61827002,53.90830724,96
850217,-77.25637002,53.90840724,96
850218,-76.93347002,53.90810724,96
850219,-75.05822598,53.90886076,96
850220,-74.92682598,53.90766076,96
850234,-77.22597002,53.90660724,96
850235,-77.20487002,53.90420724,96
850236,-74.78622598,53.90846076,96
850259,-77.15367002,53.90690724,96
850260,-76.35527002,53.90750724,96
850261,-76.24137002,53.90890724,96
850277,-77.95117002,53.90880724,96
850289,-75.03942598,53.90666076,96
850307,-76.91987002,53.90550724,96
850330,-77.63077002,53.90590724,96
850331,-77.23517002,53.90430724,96
850349,-77.16887002,53.90380724,96
850367,-77.80747002,53.90650724,96
850368,-77.40757002,53.90320724,96
850369,-75.75427002,53.90540724,96
850400,-77.90657002,53.90730724,96
850401,-75.91127002,53.90390724,96
850418,-77.38487002,53.90290724,96
850430,-76.10917002,53.90400724,96
850461,-77.96967002,53.90230724,96
850513,-76.89047002,53.90200724,96
850525,-77.60597002,53.90000724,96
850526,-75.71067002,53.89980724,96
850539,-77.35577002,53.89040724,96
850540,-76.35287002,53.89910724,96
850582,-77.82157002,53.89840724,96
850583,-75.75657002,53.89740724,96
850626,-77.87567002,53.89420724,96
850627,-77.34027002,53.89640724,96
850628,-77.14947002,53.89560724,96
850667,-75.78477002,53.89470724,96
850686,-77.80657002,53.89160724,96
850687,-77.11777002,53.89400724,96
850688,-77.06937002,53.89420724,96
850719,-77.99017002,53.89350724,96
850740,-77.28467002,53.89300724,96
850741,-76.05907002,53.89350724,96
850763,-77.09437002,53.89170724,96
850764,-76.91477002,53.89280724,96
850765,-74.85692598,53.89266076,96
850784,-77.40467002,53.89120724,96
850785,-76.94057002,53.89150724,96
850802,-77.83647002,53.89270724,96
850819,-76.31077002,53.89210724,96
850820,-75.99177002,53.90240724,96
850836,-77.38697002,53.89080724,96
850837,-77.32677002,53.89250724,96
850838,-75.77417002,53.89090724,96
850839,-74.89902598,53.88996076,96
850840,-74.87612598,53.89256076,96
850852,-77.98147002,53.89070724,96
850859,-77.22287002,53.88960724,96
850897,-77.66677002,53.88780724,96
850898,-76.94067002,53.88840724,96
850936,-77.40007002,53.88540724,96
850937,-77.15737002,53.88350724,96
850938,-76.93237002,53.88670724,96
850959,-76.96457002,53.88490724,96
850960,-75.84337002,53.88770724,96
850961,-75.68847002,53.88920724,96
850972,-76.14747002,53.89150724,96
850992,-77.84777002,53.88540724,96
851055,-77.49197002,53.88500724,96
851083,-77.11577002,53.88630724,96
851084,-74.80582598,53.88266076,96
851102,-74.78952598,53.88446076,96
851120,-77.78857002,53.88180724,96
851137,-75.71727002,53.88160724,96
851138,-74.41962598,53.88106076,96
851156,-77.62837002,53.87990724,96
851177,-75.72457002,53.88300724,96
851197,-77.38357002,53.87900724,96
851222,-77.24647002,53.87650724,96
851242,-77.20927002,53.88080724,96
851264,-76.05587002,53.88000724,96
851281,-77.61137002,53.87680724,96
851282,-77.42107002,53.87680724,96
851283,-77.10697002,53.87770724,96
851284,-76.91807002,53.87740724,96
851299,-77.30787002,53.87690724,96
851300,-76.00607002,53.87740724,96
851323,-76.98157002,53.88480724,96
851324,-75.74957002,53.87770724,96
851341,-77.76707002,53.87740724,96
851342,-77.68887002,53.87710724,96
851343,-75.71867002,53.87650724,96
851344,-74.97762598,53.87636076,96
851358,-77.38727002,53.87560724,96
851359,-75.80647002,53.87570724,96
851378,-77.25807002,53.87380724,96
851379,-76.08307002,53.87660724,96
851380,-75.04362598,53.87406076,96
851402,-77.54797002,53.87510724,96
851403,-75.90227002,53.87270724,96
851418,-77.20777002,53.87310724,96
851435,-74.96232598,53.87186076,96
851447,-77.86177002,53.87360724,96
851448,-77.13987002,53.87250724,96
851449,-74.98692598,53.87326076,96
851466,-74.79802598,53.87236076,96
851467,-74.41702598,53.87026076,96
851484,-77.24307002,53.87070724,96
851501,-77.73197002,53.86980724,96
851502,-77.18627002,53.86830724,96
851503,-75.80327002,53.87070724,96
851504,-74.80802598,53.87256076,96
851522,-74.43072598,53.87416076,96
851533,-77.82107002,53.87260724,96
851561,-77.00057002,53.87270724,96
851578,-77.36917002,53.87070724,96
851579,-74.45912598,53.86856076,96
851614,-77.33947002,53.86720724,96
851615,-77.23237002,53.86740724,96
851616,-75.93187002,53.87540724,96
851617,-74.45052598,53.86556076,96
851632,-77.21307002,53.86780724,96
851633,-76.91517002,53.86670724,96
851653,-77.30757002,53.86790724,96
851654,-77.29167002,53.87160724,96
851715,-75.83097002,53.86440724,96
851731,-74.93052598,53.86366076,96
851749,-75.81077002,53.86320724,96
851765,-74.83602598,53.86276076,96
851777,-76.08947002,53.86140724,96
851778,-75.93417002,53.86090724,96
851789,-77.40157002,53.86530724,96
851808,-74.97122598,53.86246076,96
851829,-77.27357002,53.85920724,96
851830,-76.18237002,53.86110724,96
851831,-74.88392598,53.86186076,96
851844,-77.39977002,53.86050724,96
851856,-74.48182598,53.85736076,96
851873,-77.22227002,53.85820724,96
851889,-75.98397002,53.85830724,96
851918,-75.78817002,53.85740724,96
851938,-77.77447002,53.85850724,96
851939,-77.41077002,53.85780724,96
851940,-74.91402598,53.85926076,96
851995,-77.52937002,53.85480724,96
851996,-75.90777002,53.85520724,96
851997,-75.81687002,53.85510724,96
852027,-74.41652598,53.85376076,96
852065,-77.11967002,53.85290724,96
852084,-77.65677002,53.85280724,96
852085,-77.36207002,53.85310724,96
852086,-77.09277002,53.85330724,96
852087,-76.09597002,53.85200724,96
852116,-77.54417002,53.85230724,96
852135,-77.58137002,53.85150724,96
852170,-77.25607002,53.84980724,96
852224,-77.36177002,53.84740724,96
852225,-74.41082598,53.84396076,96
852240,-77.63867002,53.84840724,96
852260,-76.99567002,53.84720724,96
852280,-77.92627002,53.84630724,96
852299,-75.90817002,53.84620724,96
852300,-74.42792598,53.84556076,96
852313,-77.37727002,53.84880724,96
852326,-77.56787002,53.84570724,96
852327,-77.29487002,53.84710724,96
852328,-74.43802598,53.84726076,96
852360,-77.18587002,53.84470724,96
852463,-77.35467002,53.84030724,96
852502,-76.05627002,53.83800724,96
852520,-77.23737002,53.83630724,96
852521,-77.19767002,53.83930724,96
852522,-76.26267002,53.83600724,96
852534,-77.41297002,53.83650724,96
852573,-77.40177002,53.83640724,96
852622,-77.57827002,53.83340724,96
852652,-77.94177002,53.83120724,96
852748,-77.51037002,53.83070724,96
852822,-74.58982598,53.83126076,96
852858,-76.33647002,53.82850724,96
852859,-74.56212598,53.82946076,96
852877,-76.05137002,53.82690724,96
852899,-75.91747002,53.82530724,96
852916,-75.90167002,53.82560724,96
852926,-76.38507002,53.82510724,96
852940,-74.42682598,53.82546076,96
852968,-77.21247002,53.82840724,96
852982,-77.18487002,53.82380724,96
852983,-77.15037002,53.82470724,96
853037,-77.98957002,53.82110724,96
853054,-75.87927002,53.81950724,96
853108,-77.15837002,53.82090724,96
853123,-76.34507002,53.81870724,96
853191,-77.88797002,53.81640724,96
853192,-76.05337002,53.81850724,96
853193,-75.97467002,53.82020724,96
853203,-77.23047002,53.81740724,96
853204,-76.16587002,53.81640724,96
853221,-77.42597002,53.81490724,96
853222,-74.41572598,53.81566076,96
853238,-76.26577002,53.81010724,96
853257,-77.18277002,53.81420724,96
853271,-76.42847002,53.81390724,96
853272,-76.12727002,53.81270724,96
853273,-76.08397002,53.81430724,96
853285,-77.20887002,53.81340724,96
853301,-77.15737002,53.81220724,96
853331,-77.26487002,53.81310724,96
853332,-75.91127002,53.81440724,96
853346,-77.41007002,53.81340724,96
853347,-76.18967002,53.81260724,96
853391,-76.22917002,53.80950724,96
853432,-76.00727002,53.81050724,96
853433,-74.55232598,53.80676076,96
853434,-74.52442598,53.80896076,96
853452,-75.79837002,53.80840724,96
853473,-75.86107002,53.81580724,96
853527,-76.07127002,53.80620724,96
853556,-76.33817002,53.80490724,96
853557,-76.05947002,53.80520724,96
853628,-75.98697002,53.80340724,96
853644,-76.24357002,53.80300724,96
853645,-76.17817002,53.80210724,96
853646,-75.93067002,53.80210724,96
853673,-74.56452598,53.80126076,96
853691,-77.99817002,53.80030724,96
853692,-75.86717002,53.80040724,96
853708,-75.64317002,53.79930724,96
853726,-76.55667002,53.79860724,96
853727,-75.83737002,53.80110724,96
853744,-77.18617002,53.80420724,96
853745,-76.28277002,53.80040724,96
853786,-76.39817002,53.80050724,96
853787,-76.08337002,53.79960724,96
853788,-74.58912598,53.79816076,96
853819,-76.24057002,53.79840724,96
853820,-76.10427002,53.79500724,96
853821,-75.94707002,53.79720724,96
853837,-76.21377002,53.79580724,96
853855,-76.30517002,53.79670724,96
853876,-76.32047002,53.79190724,96
853877,-75.66097002,53.79680724,96
853878,-74.61362598,53.79846076,96
853935,-76.58737002,53.79330724,96
853936,-76.52217002,53.79430724,96
854014,-77.66247002,53.79130724,96
854026,-76.34597002,53.79290724,96
854027,-76.27117002,53.79270724,96
854079,-74.68582598,53.78886076,96
854119,-74.69762598,53.78706076,96
854145,-75.97827002,53.78990724,96
854162,-74.62362598,53.78766076,96
854175,-76.55037002,53.78750724,96
854215,-77.92627002,53.78530724,96
854232,-76.06427002,53.78270724,96
854251,-76.21657002,53.78330724,96
854252,-74.66932598,53.78466076,96
854268,-76.60957002,53.78110724,96
854280,-76.31647002,53.78480724,96
854281,-76.27447002,53.78330724,96
854295,-76.16617002,53.78450724,96
854311,-76.24867002,53.77670724,96
854337,-76.29227002,53.78250724,96
854338,-74.57832598,53.78406076,96
854369,-74.70122598,53.77986076,96
854370,-74.62092598,53.78126076,96
854391,-74.67552598,53.78006076,96
854409,-77.55947002,53.77990724,96
854410,-76.59387002,53.77850724,96
854411,-76.45207002,53.78050724,96
854470,-75.97627002,53.77550724,96
854484,-76.43317002,53.77710724,96
854551,-74.75382598,53.77486076,96
854570,-74.52802598,53.77436076,96
854594,-77.89677002,53.77820724,96
854629,-76.56927002,53.77230724,96
854680,-75.95137002,53.77410724,96
854688,-74.72552598,53.77156076,96
854689,-74.43332598,53.77156076,96
854698,-74.45162598,53.77226076,96
854713,-77.16057002,53.76950724,96
854714,-74.54342598,53.77406076,96
854759,-77.57187002,53.76910724,96
854776,-77.94647002,53.76790724,96
854807,-74.56332598,53.76676076,96
854820,-77.13897002,53.76550724,96
854821,-74.68432598,53.76836076,96
854840,-74.50612598,53.76516076,96
854866,-76.35757002,53.76650724,96
854912,-75.90437002,53.77220724,96
854913,-74.43952598,53.76946076,96
854922,-77.75897002,53.76210724,96
854923,-76.63267002,53.76570724,96
854962,-77.57907002,53.76210724,96
854976,-77.90677002,53.76260724,96
854991,-74.66502598,53.76226076,96
855006,-74.62482598,53.76366076,96
855037,-76.56817002,53.75940724,96
855053,-76.42427002,53.76200724,96
855085,-74.52882598,53.75656076,96
855110,-76.66657002,53.75700724,96
855111,-76.60607002,53.75880724,96
855159,-77.68047002,53.75560724,96
855176,-76.58547002,53.75460724,96
855192,-76.63037002,53.75420724,96
855205,-77.62887002,53.75080724,96
855220,-74.72452598,53.75506076,96
855221,-74.59102598,53.75486076,96
855284,-77.57317002,53.75130724,96
855285,-76.14117002,53.75170724,96
855301,-76.42287002,53.75010724,96
855318,-76.66757002,53.74730724,96
855362,-76.67867002,53.74660724,96
855363,-74.79062598,53.75006076,96
855374,-76.54177002,53.75360724,96
855410,-74.59682598,53.74526076,96
855424,-76.13527002,53.74640724,96
855425,-74.48682598,53.74636076,96
855480,-74.69872598,53.74096076,96
855493,-76.52237002,53.74690724,96
855534,-74.47902598,53.74366076,96
855554,-74.81652598,53.74126076,96
855611,-76.70217002,53.73780724,96
855612,-74.44682598,53.74166076,96
855678,-75.77107002,53.73800724,96
855698,-74.74772598,53.73836076,96
855736,-74.61352598,53.73626076,96
855754,-77.08877002,53.73480724,96
855755,-74.91542598,53.73626076,96
855769,-76.66567002,53.73630724,96
855770,-74.50692598,53.73846076,96
855806,-74.84542598,53.72966076,96
855807,-74.67932598,53.73466076,96
855850,-74.57172598,53.73956076,96
855875,-74.67952598,53.73196076,96
855876,-74.63722598,53.73316076,96
855885,-74.46822598,53.73086076,96
855917,-77.75827002,53.73140724,96
855930,-74.69902598,53.72966076,96
855945,-76.01457002,53.72930724,96
855960,-76.59677002,53.72990724,96
855971,-77.85117002,53.72860724,96
855995,-74.87612598,53.72576076,96
855996,-74.49582598,53.72836076,96
856080,-74.92152598,53.72656076,96
856088,-74.94442598,53.72656076,96
856089,-74.78012598,53.72676076,96
856108,-74.52312598,53.72566076,96
856122,-74.90262598,53.72556076,96
856138,-75.77147002,53.72350724,96
856169,-74.83892598,53.71956076,96
856170,-74.43172598,53.72246076,96
856201,-76.66607002,53.71940724,96
856252,-75.78287002,53.72730724,96
856253,-74.98522598,53.72016076,96
856283,-74.85542598,53.72096076,96
856324,-77.95967002,53.71720724,96
856325,-75.09132598,53.71836076,96
856326,-74.65522598,53.71726076,96
856398,-75.30427002,53.70690724,96
856422,-77.81007002,53.71650724,96
856457,-75.47617002,53.71290724,96
856479,-74.40292598,53.71386076,96
856528,-77.76777002,53.71290724,96
856529,-75.29467002,53.71190724,96
856547,-76.03577002,53.71110724,96
856567,-75.49487002,53.71250724,96
856589,-77.84897002,53.71150724,96
856590,-75.01302598,53.71006076,96
856627,-75.79587002,53.70580724,96
856744,-75.54247002,53.70780724,96
856783,-75.07682598,53.70316076,96
856826,-77.93787002,53.70330724,96
856827,-74.81852598,53.70486076,96
856848,-75.50117002,53.70270724,96
856864,-75.52497002,53.70700724,96
856880,-74.66242598,53.70586076,96
856902,-75.46967002,53.70090724,96
856903,-74.44852598,53.69956076,96
856927,-75.72637002,53.69990724,96
856928,-75.51317002,53.69940724,96
856948,-75.20072598,53.70106076,96
856949,-74.50672598,53.69816076,96
856978,-75.80517002,53.69970724,96
856979,-75.08882598,53.69896076,96
857016,-75.77417002,53.69650724,96
857017,-75.57017002,53.70250724,96
857030,-76.08677002,53.69490724,96
857031,-75.32147002,53.69710724,96
857032,-74.46342598,53.69746076,96
857048,-75.15292598,53.69566076,96
857049,-75.05192598,53.69646076,96
857070,-75.81177002,53.69450724,96
857113,-75.51987002,53.69330724,96
857143,-77.95837002,53.69340724,96
857144,-77.93677002,53.69350724,96
857145,-75.07962598,53.69386076,96
857195,-74.55172598,53.69206076,96
857212,-75.72587002,53.69040724,96
857225,-75.82107002,53.69280724,96
857247,-75.11922598,53.69136076,96
857260,-75.58517002,53.69110724,96
857284,-75.10182598,53.68996076,96
857328,-75.75187002,53.68840724,96
857352,-76.16957002,53.68660724,96
857353,-74.55242598,53.68566076,96
857380,-75.56477002,53.68800724,96
857381,-74.52052598,53.68746076,96
857407,-75.75977002,53.68220724,96
857429,-75.10212598,53.68426076,96
857444,-75.72417002,53.68420724,96
857462,-77.77617002,53.68400724,96
857463,-75.85117002,53.68290724,96
857490,-76.16297002,53.68060724,96
857491,-76.08677002,53.68320724,96
857532,-75.56587002,53.68180724,96
857546,-77.83087002,53.68170724,96
857547,-76.03957002,53.68250724,96
857571,-76.06807002,53.68030724,96
857572,-75.83267002,53.67970724,96
857584,-75.79477002,53.68160724,96
857613,-74.53692598,53.67906076,96
857614,-74.52092598,53.67766076,96
857670,-77.81617002,53.67920724,96
857689,-75.03892598,53.67886076,96
857709,-77.93727002,53.67820724,96
857783,-76.04497002,53.67470724,96
857809,-75.87387002,53.67450724,96
857841,-77.94137002,53.67280724,96
857858,-75.62387002,53.67370724,96
857859,-74.45062598,53.67246076,96
857933,-74.41982598,53.67046076,96
857964,-77.65817002,53.66760724,96
857965,-75.83547002,53.66860724,96
857988,-76.17487002,53.66780724,96
857989,-75.82377002,53.66800724,96
858004,-77.89807002,53.66860724,96
858029,-76.01687002,53.66770724,96
858042,-77.66617002,53.66660724,96
858097,-77.87367002,53.66590724,96
858116,-76.03217002,53.66740724,96
858132,-75.75917002,53.66530724,96
858211,-77.81717002,53.66290724,96
858212,-75.61157002,53.66240724,96
858213,-74.48652598,53.66296076,96
858277,-77.89197002,53.65990724,96
858353,-74.48152598,53.65836076,96
858378,-75.99487002,53.65650724,96
858395,-75.61997002,53.65700724,96
858396,-75.60627002,53.65700724,96
858397,-74.50762598,53.65456076,96
858425,-76.04507002,53.65740724,96
858446,-75.80837002,53.65530724,96
858476,-75.88887002,53.65430724,96
858499,-77.89037002,53.65030724,96
858500,-76.39687002,53.65100724,96
858517,-75.84597002,53.65460724,96
858534,-74.44142598,53.65476076,96
858580,-75.77687002,53.65100724,96
858623,-74.77252598,53.65136076,96
858643,-76.32597002,53.64980724,96
858644,-76.05467002,53.64800724,96
858645,-75.62337002,53.65080724,96
858680,-76.42247002,53.65070724,96
858692,-74.55282598,53.65166076,96
858693,-74.46952598,53.64986076,96
858710,-75.94597002,53.64760724,96
858730,-77.85917002,53.64870724,96
858749,-75.87897002,53.64790724,96
858814,-77.79037002,53.64680724,96
858815,-75.93287002,53.64550724,96
858816,-74.72402598,53.64486076,96
858834,-75.91487002,53.64670724,96
858911,-74.99982598,53.64266076,96
858957,-76.65957002,53.64240724,96
858984,-75.80527002,53.64250724,96
858985,-74.53982598,53.64186076,96
859024,-75.94637002,53.63830724,96
859039,-75.86867002,53.64080724,96
859040,-74.80512598,53.63876076,96
859050,-77.90677002,53.63890724,96
859138,-74.99092598,53.63636076,96
859172,-76.05867002,53.63700724,96
859191,-77.92407002,53.63670724,96
859192,-75.12712598,53.63576076,96
859260,-75.98167002,53.63470724,96
859286,-75.83767002,53.63300724,96
859335,-75.45737002,53.62920724,96
859347,-74.82142598,53.63016076,96
859348,-74.61812598,53.62796076,96
859369,-77.72857002,53.62870724,96
859370,-75.07372598,53.62836076,96
859403,-76.01397002,53.62930724,96
859438,-74.99312598,53.62926076,96
859456,-75.66947002,53.62730724,96
859472,-75.14232598,53.62706076,96
859512,-77.81987002,53.62450724,96
859531,-77.90877002,53.62370724,96
859532,-75.31257002,53.62230724,96
859550,-75.50257002,53.62580724,96
859566,-75.98637002,53.62370724,96
859583,-76.71767002,53.62560724,96
859619,-75.54807002,53.62260724,96
859638,-76.00217002,53.61820724,96
859639,-75.61547002,53.61950724,96
859654,-76.68707002,53.62160724,96
859673,-77.57317002,53.62110724,96
859690,-75.16302598,53.61946076,96
859723,-75.27307002,53.62100724,96
859746,-74.83862598,53.61896076,96
859763,-77.59427002,53.61840724,96
859764,-75.12822598,53.61796076,96
859785,-74.96492598,53.61816076,96
859805,-75.22782598,53.61546076,96
859806,-75.11182598,53.62206076,96
859807,-75.07442598,53.61716076,96
859829,-75.99227002,53.61460724,96
859845,-75.09092598,53.61826076,96
859863,-74.86892598,53.61806076,96
859864,-74.63902598,53.61766076,96
859880,-75.53677002,53.61650724,96
859881,-74.82772598,53.61626076,96
859943,-75.10862598,53.61246076,96
859944,-75.03952598,53.61406076,96
859945,-74.81992598,53.61436076,96
859946,-74.50912598,53.61416076,96
859962,-75.00192598,53.60896076,96
859977,-77.95077002,53.61130724,96
860086,-77.66937002,53.60960724,96
860103,-75.09592598,53.60806076,96
860121,-77.96217002,53.60790724,96
860141,-74.84382598,53.61086076,96
860156,-77.28087002,53.60720724,96
860206,-76.69337002,53.60560724,96
860207,-75.10582598,53.60566076,96
860259,-75.03082598,53.60196076,96
860364,-77.60957002,53.60160724,96
860365,-74.96672598,53.59896076,96
860387,-74.57062598,53.59676076,96
860401,-75.56637002,53.60450724,96
860402,-74.45732598,53.60156076,96
860441,-75.22072598,53.59756076,96
860442,-74.60132598,53.59676076,96
860481,-75.88237002,53.60170724,96
860482,-74.99372598,53.59606076,96
860483,-74.69052598,53.59716076,96
860496,-75.02362598,53.59726076,96
860507,-76.12497002,53.59650724,96
860508,-74.62992598,53.59526076,96
860520,-74.64252598,53.59646076,96
860521,-74.46272598,53.59626076,96
860608,-77.70167002,53.59280724,96
860609,-75.30697002,53.59310724,96
860634,-74.54052598,53.59286076,96
860653,-75.56927002,53.59330724,96
860676,-75.20882598,53.59086076,96
860677,-75.19082598,53.59006076,96
860724,-75.08222598,53.58756076,96
860741,-75.96457002,53.58920724,96
860742,-74.93382598,53.58656076,96
860814,-75.32947002,53.58690724,96
860815,-75.03792598,53.58556076,96
860816,-75.01632598,53.58696076,96
860817,-74.97902598,53.58486076,96
860853,-77.78467002,53.58170724,96
860894,-75.39057002,53.57870724,96
860895,-75.30487002,53.58360724,96
860914,-74.96362598,53.58196076,96
860927,-75.24822598,53.58486076,96
860939,-75.28057002,53.58240724,96
861002,-74.93642598,53.58006076,96
861032,-77.00807002,53.58170724,96
861042,-75.10582598,53.58136076,96
861043,-75.03132598,53.57606076,96
861044,-75.00412598,53.58036076,96
861076,-75.36807002,53.57800724,96
861090,-77.76157002,53.57790724,96
861105,-75.05582598,53.57706076,96
861106,-75.01842598,53.57576076,96
861152,-75.06242598,53.57366076,96
861164,-75.16472598,53.57816076,96
861177,-74.98582598,53.57366076,96
861194,-74.88592598,53.57336076,96
861195,-74.79902598,53.57506076,96
861213,-75.43077002,53.57250724,96
861292,-77.50827002,53.56970724,96
861303,-74.96822598,53.56976076,96
861353,-75.94267002,53.57230724,96
861382,-76.80977002,53.56690724,96
861401,-77.63987002,53.57040724,96
861402,-75.06232598,53.56896076,96
861418,-74.69052598,53.56416076,96
861436,-76.89697002,53.56630724,96
861437,-76.00507002,53.55840724,96
861438,-74.47442598,53.56116076,96
861481,-75.39807002,53.56470724,96
861482,-75.22692598,53.56576076,96
861483,-75.14102598,53.56426076,96
861549,-75.15892598,53.56156076,96
861571,-75.92227002,53.56320724,96
861583,-75.03772598,53.56796076,96
861600,-74.81732598,53.56316076,96
861615,-75.19302598,53.56096076,96
861616,-74.97462598,53.56026076,96
861653,-76.78287002,53.55950724,96
861654,-75.67167002,53.55780724,96
861667,-74.91542598,53.55946076,96
861668,-74.53682598,53.55806076,96
861705,-74.83822598,53.56076076,96
861768,-77.69017002,53.55480724,96
861769,-76.82897002,53.55340724,96
861770,-75.10102598,53.55646076,96
861781,-77.65007002,53.55600724,96
861796,-75.64197002,53.55110724,96
861817,-76.01517002,53.55220724,96
861818,-75.18912598,53.55486076,96
861819,-74.68362598,53.55446076,96
861829,-74.46702598,53.55366076,96
861867,-75.07252598,53.55336076,96
861868,-74.62592598,53.55166076,96
861886,-77.83387002,53.55260724,96
861907,-77.95497002,53.55040724,96
861925,-75.61097002,53.55150724,96
861926,-75.08592598,53.55046076,96
861927,-74.93482598,53.55156076,96
861946,-75.16152598,53.55376076,96
861947,-74.42082598,53.55006076,96
861966,-74.70072598,53.54986076,96
861994,-76.07577002,53.55080724,96
862059,-76.03367002,53.54780724,96
862060,-74.90182598,53.54786076,96
862092,-74.53432598,53.54646076,96
862114,-75.69087002,53.54710724,96
862115,-75.63487002,53.54410724,96
862116,-74.55912598,53.54436076,96
862132,-75.11102598,53.54536076,96
862146,-77.51617002,53.54780724,96
862162,-77.66467002,53.54470724,96
862163,-74.99032598,53.54486076,96
862197,-77.82637002,53.54300724,96
862198,-75.31007002,53.54390724,96
862239,-77.02927002,53.54350724,96
862240,-76.03727002,53.53790724,96
862241,-75.69367002,53.54170724,96
862242,-75.66157002,53.54270724,96
862243,-74.89362598,53.54196076,96
862257,-76.95827002,53.53520724,96
862258,-76.48437002,53.54200724,96
862275,-75.25602598,53.54056076,96
862290,-77.77227002,53.54170724,96
862291,-75.16562598,53.54276076,96
862292,-75.08122598,53.54146076,96
862305,-77.46597002,53.54110724,96
862306,-76.35467002,53.54080724,96
862307,-75.67787002,53.54160724,96
862319,-77.05977002,53.54040724,96
862349,-76.98317002,53.53860724,96
862364,-77.98347002,53.54050724,96
862392,-77.94057002,53.53850724,96
862393,-75.32717002,53.53980724,96
862435,-76.36797002,53.53510724,96
862448,-76.46807002,53.53690724,96
862449,-76.07417002,53.53560724,96
862450,-74.74412598,53.52996076,96
862509,-74.48212598,53.53366076,96
862530,-77.56987002,53.53130724,96
862531,-75.60697002,53.53470724,96
862559,-76.32147002,53.53360724,96
862560,-74.85582598,53.53316076,96
862593,-76.04837002,53.53120724,96
862594,-75.21902598,53.53136076,96
862624,-74.61832598,53.52806076,96
862738,-75.21822598,53.52626076,96
862814,-76.58347002,53.52250724,96
862825,-77.58237002,53.52270724,96
862826,-77.51967002,53.52360724,96
862827,-74.74232598,53.52576076,96
862897,-75.28847002,53.52390724,96
862915,-76.84637002,53.52340724,96
862916,-74.89012598,53.51916076,96
862917,-74.50432598,53.52316076,96
862944,-75.69317002,53.51990724,96
862959,-76.03827002,53.51940724,96
862960,-74.84202598,53.51516076,96
862961,-74.77262598,53.51876076,96
862962,-74.48422598,53.52106076,96
863000,-74.54312598,53.51786076,96
863020,-74.40362598,53.51866076,96
863033,-75.04092598,53.51596076,96
863034,-74.43162598,53.51616076,96
863040,-75.10062598,53.51546076,96
863041,-74.94312598,53.51586076,96
863058,-75.66527002,53.51470724,96
863072,-75.38297002,53.51230724,96
863073,-74.88532598,53.51646076,96
863135,-77.75047002,53.51450724,96
863136,-77.19647002,53.51690724,96
863150,-77.91017002,53.51430724,96
863151,-75.07212598,53.51146076,96
863166,-75.02872598,53.51066076,96
863188,-74.68122598,53.51346076,96
863220,-76.67307002,53.51040724,96
863221,-75.60177002,53.51080724,96
863264,-77.61617002,53.50960724,96
863265,-75.38757002,53.51020724,96
863266,-75.36857002,53.50710724,96
863285,-77.55537002,53.51570724,96
863286,-75.17552598,53.50786076,96
863307,-75.11162598,53.50616076,96
863308,-74.63542598,53.50936076,96
863337,-76.55147002,53.51180724,96
863338,-76.00997002,53.50930724,96
863389,-77.47107002,53.50660724,96
863405,-74.92382598,53.50656076,96
863429,-74.86752598,53.50496076,96
863430,-74.78242598,53.50466076,96
863449,-75.35057002,53.50240724,96
863476,-77.92207002,53.50590724,96
863477,-74.51662598,53.50536076,96
863496,-76.78347002,53.50660724,96
863516,-76.64627002,53.50510724,96
863579,-76.79307002,53.50030724,96
863619,-76.57447002,53.50400724,96
863620,-76.09407002,53.49830724,96
863621,-75.04712598,53.49916076,96
863622,-74.94632598,53.50106076,96
863623,-74.73132598,53.50276076,96
863671,-76.06017002,53.49370724,96
863672,-75.03042598,53.49846076,96
863686,-74.60692598,53.49636076,96
863708,-74.56532598,53.49776076,96
863753,-77.34607002,53.49290724,96
863754,-74.75352598,53.49426076,96
863755,-74.52642598,53.49256076,96
863780,-75.10822598,53.49516076,96
863831,-75.17972598,53.49396076,96
863832,-74.64672598,53.49436076,96
863833,-74.43632598,53.49396076,96
863864,-74.65742598,53.48906076,96
863888,-77.54737002,53.49120724,96
863907,-74.89782598,53.49316076,96
863942,-75.31937002,53.49080724,96
863943,-75.07092598,53.49256076,96
863976,-76.84967002,53.49060724,96
863977,-75.24532598,53.49056076,96
863992,-77.02817002,53.48960724,96
864011,-75.05302598,53.48986076,96
864052,-75.05482598,53.48636076,96
864053,-74.53632598,53.48696076,96
864068,-77.60687002,53.48890724,96
864069,-77.31307002,53.49070724,96
864088,-75.09222598,53.48696076,96
864107,-77.01507002,53.48640724,96
864140,-77.49207002,53.48540724,96
864153,-77.38007002,53.48540724,96
864154,-75.06322598,53.48586076,96
864178,-77.36647002,53.48300724,96
864213,-77.44517002,53.48520724,96
864214,-75.17492598,53.48326076,96
864215,-74.97492598,53.48436076,96
864233,-77.00927002,53.47740724,96
864234,-75.11662598,53.48266076,96
864235,-74.56402598,53.48286076,96
864268,-75.09102598,53.48256076,96
864269,-74.59752598,53.48366076,96
864290,-77.74697002,53.48090724,96
864311,-77.81317002,53.47570724,96
864312,-74.68132598,53.47916076,96
864328,-77.32197002,53.47960724,96
864329,-75.56147002,53.47970724,96
864330,-75.27587002,53.47910724,96
864348,-75.45047002,53.47840724,96
864356,-74.40442598,53.48896076,96
864376,-77.23567002,53.47820724,96
864377,-76.86657002,53.47880724,96
864378,-74.60342598,53.47706076,96
864398,-77.36477002,53.47700724,96
864399,-77.34477002,53.47880724,96
864400,-77.18857002,53.47590724,96
864401,-76.97207002,53.47930724,96
864467,-75.40677002,53.47610724,96
864468,-74.61942598,53.47686076,96
864469,-74.48522598,53.47496076,96
864511,-75.16372598,53.47446076,96
864512,-75.14722598,53.47456076,96
864513,-74.65562598,53.47596076,96
864523,-76.69157002,53.47260724,96
864524,-75.34967002,53.47410724,96
864585,-77.38597002,53.47470724,96
864623,-75.60007002,53.46900724,96
864624,-74.65772598,53.47176076,96
864625,-74.44232598,53.47186076,96
864654,-76.76817002,53.46990724,96
864655,-74.60372598,53.46896076,96
864680,-77.33267002,53.47170724,96
864681,-75.09242598,53.47716076,96
864725,-77.20677002,53.46850724,96
864726,-76.62417002,53.46920724,96
864763,-75.63817002,53.46640724,96
864778,-75.58237002,53.46980724,96
864779,-75.12722598,53.46726076,96
864780,-74.54262598,53.46506076,96
864795,-77.15077002,53.46960724,96
864796,-76.74397002,53.46360724,96
864813,-77.75337002,53.46730724,96
864833,-77.37287002,53.46650724,96
864834,-75.54477002,53.46730724,96
864849,-76.84047002,53.46610724,96
864850,-76.05117002,53.46530724,96
864875,-77.50157002,53.46620724,96
864876,-77.34957002,53.46520724,96
864877,-75.61607002,53.46400724,96
864923,-75.58787002,53.46360724,96
864924,-74.65772598,53.46306076,96
864945,-76.89907002,53.46220724,96
864946,-76.88547002,53.46210724,96
864976,-77.87317002,53.46020724,96
864977,-77.70987002,53.46510724,96
864978,-77.40047002,53.46420724,96
864979,-75.52467002,53.46240724,96
864980,-75.27007002,53.46170724,96
864992,-77.48197002,53.46180724,96
864993,-74.80832598,53.46176076,96
865010,-77.26437002,53.46310724,96
865011,-74.56002598,53.46076076,96
865029,-77.00137002,53.45950724,96
865030,-76.76807002,53.46080724,96
865040,-77.38927002,53.45670724,96
865041,-75.64057002,53.45740724,96
865060,-77.36707002,53.45610724,96
865061,-77.03107002,53.45860724,96
865099,-77.85357002,53.46030724,96
865100,-74.67562598,53.45736076,96
865101,-74.58732598,53.46046076,96
865122,-75.57147002,53.45570724,96
865138,-77.71707002,53.45790724,96
865195,-75.43507002,53.45300724,96
865196,-75.30937002,53.45520724,96
865197,-74.47172598,53.45436076,96
865211,-77.76997002,53.45290724,96
865212,-77.41577002,53.45350724,96
865231,-74.86862598,53.45386076,96
865232,-74.42322598,53.45596076,96
865240,-76.84307002,53.45180724,96
865241,-75.23682598,53.45416076,96
865242,-75.02102598,53.45426076,96
865243,-74.90472598,53.45376076,96
865244,-74.53142598,53.45596076,96
865260,-75.17912598,53.45326076,96
865261,-74.80942598,53.45356076,96
865272,-74.56282598,53.45196076,96
865292,-75.58177002,53.45770724,96
865312,-75.66997002,53.45170724,96
865327,-77.33107002,53.45100724,96
865368,-77.92367002,53.45050724,96
865369,-74.97802598,53.45156076,96
865421,-75.20372598,53.44946076,96
865422,-75.05502598,53.44916076,96
865441,-76.94307002,53.44970724,96
865442,-74.64412598,53.44776076,96
865460,-77.42437002,53.44590724,96
865476,-77.40667002,53.44430724,96
865477,-75.60357002,53.44560724,96
865478,-75.58137002,53.44630724,96
865492,-75.29157002,53.44400724,96
865493,-74.47422598,53.44426076,96
865504,-77.50427002,53.44640724,96
865505,-77.34257002,53.44640724,96
865506,-75.25552598,53.44466076,96
865519,-75.61777002,53.44460724,96
865520,-75.35847002,53.44510724,96
865535,-75.07972598,53.44696076,96
865554,-77.91727002,53.44430724,96
865555,-76.92397002,53.44440724,96
865556,-75.96787002,53.44510724,96
865557,-74.99672598,53.44346076,96
865589,-77.01987002,53.44240724,96
865590,-76.88687002,53.44000724,96
865591,-75.64847002,53.44250724,96
865592,-75.27107002,53.44270724,96
865593,-74.77822598,53.43906076,96
865609,-76.81517002,53.44200724,96
865610,-74.45322598,53.44196076,96
865624,-77.78587002,53.44180724,96
865625,-77.09237002,53.44300724,96
865641,-74.59172598,53.43936076,96
865642,-74.50012598,53.44116076,96
865654,-76.94867002,53.44290724,96
865655,-75.02532598,53.44466076,96
865672,-75.35287002,53.44130724,96
865688,-77.34177002,53.44240724,96
865689,-75.14682598,53.43996076,96
865704,-74.41392598,53.44246076,96
865721,-77.06377002,53.43920724,96
865746,-75.84497002,53.43780724,96
865762,-76.95867002,53.43680724,96
865763,-76.82947002,53.43690724,96
865776,-75.96817002,53.43720724,96
865791,-75.69507002,53.43810724,96
865803,-76.80067002,53.43710724,96
865804,-74.89702598,53.43716076,96
865805,-74.42612598,53.43316076,96
865821,-77.44767002,53.43670724,96
865822,-76.76987002,53.44100724,96
865846,-75.70627002,53.43580724,96
865866,-75.74747002,53.43480724,96
865867,-75.36257002,53.43460724,96
865868,-74.64602598,53.43666076,96
865881,-77.18447002,53.43320724,96
865882,-75.55687002,53.43320724,96
865910,-75.42627002,53.43410724,96
865911,-74.98092598,53.43956076,96
865912,-74.84432598,53.43536076,96
865925,-74.59082598,53.43136076,96
865963,-77.09877002,53.43200724,96
865964,-74.77992598,53.43066076,96
865986,-74.88082598,53.42976076,96
865987,-74.59972598,53.42956076,96
865988,-74.57702598,53.43056076,96
866018,-76.80897002,53.42850724,96
866035,-75.87867002,53.42940724,96
866047,-75.08932598,53.42836076,96
866048,-74.83712598,53.43036076,96
866062,-75.04392598,53.42936076,96
866078,-74.97232598,53.42876076,96
866089,-75.00202598,53.43036076,96
866104,-76.50077002,53.42960724,96
866105,-74.57852598,53.42686076,96
866116,-77.38857002,53.43050724,96
866117,-74.63012598,53.42646076,96
866171,-77.68817002,53.42450724,96
866172,-75.85847002,53.42540724,96
866173,-75.55597002,53.42290724,96
866174,-74.82722598,53.42406076,96
866192,-74.56962598,53.42376076,96
866243,-75.52547002,53.42060724,96
866244,-74.49162598,53.42206076,96
866271,-77.40397002,53.42000724,96
866272,-75.88877002,53.42200724,96
866296,-77.42437002,53.42290724,96
866312,-75.22092598,53.42066076,96
866313,-74.46162598,53.42006076,96
866330,-75.50227002,53.41990724,96
866350,-75.87227002,53.41880724,96
866351,-75.85477002,53.41600724,96
866352,-75.18292598,53.41866076,96
866353,-75.06922598,53.41856076,96
866354,-74.96682598,53.42326076,96
866376,-77.09337002,53.41790724,96
866425,-75.28787002,53.41780724,96
866438,-77.70077002,53.42110724,96
866439,-77.16997002,53.41810724,96
866440,-74.52352598,53.42146076,96
866453,-75.56427002,53.41700724,96
866454,-75.26022598,53.41626076,96
866464,-75.70237002,53.41500724,96
866494,-75.31097002,53.41430724,96
866508,-76.95107002,53.41040724,96
866544,-77.63597002,53.41450724,96
866545,-75.84367002,53.41210724,96
866546,-75.73907002,53.41210724,96
866547,-74.97492598,53.41206076,96
866562,-77.86587002,53.41280724,96
866563,-77.13217002,53.41340724,96
866564,-76.00697002,53.41190724,96
866565,-74.58812598,53.41506076,96
866574,-77.05957002,53.41300724,96
866575,-75.05532598,53.41306076,96
866607,-77.89557002,53.40950724,96
866608,-77.44807002,53.40890724,96
866609,-75.39417002,53.40960724,96
866610,-74.81422598,53.41126076,96
866621,-76.77957002,53.41080724,96
866622,-75.43107002,53.41260724,96
866623,-74.52692598,53.40846076,96
866642,-77.21587002,53.41030724,96
866660,-77.18677002,53.41530724,96
866661,-77.01137002,53.41300724,96
866662,-75.26042598,53.41066076,96
866663,-74.93922598,53.40896076,96
866682,-75.50827002,53.41210724,96
866683,-75.22412598,53.40876076,96
866684,-74.95052598,53.40956076,96
866700,-75.46867002,53.40640724,96
866701,-75.27577002,53.40780724,96
866702,-74.81562598,53.40626076,96
866715,-77.12337002,53.40830724,96
866716,-75.99127002,53.40600724,96
866717,-75.69317002,53.41090724,96
866718,-75.45117002,53.40940724,96
866719,-75.31447002,53.40840724,96
866720,-74.83652598,53.40616076,96
866750,-77.85457002,53.40700724,96
866751,-77.43597002,53.40590724,96
866752,-77.13227002,53.40490724,96
866772,-77.16417002,53.40430724,96
866773,-76.92487002,53.40610724,96
866774,-75.91967002,53.40150724,96
866787,-77.59997002,53.40450724,96
866788,-75.49397002,53.40580724,96
866800,-77.94177002,53.39920724,96
866801,-75.63027002,53.40130724,96
866802,-75.21252598,53.40706076,96
866821,-75.38537002,53.40370724,96
866822,-74.40572598,53.40296076,96
866834,-75.77647002,53.40360724,96
866835,-74.58772598,53.40676076,96
866901,-75.47297002,53.40350724,96
866921,-77.07287002,53.40140724,96
866922,-75.10482598,53.39716076,96
866923,-74.57442598,53.40086076,96
866924,-74.51962598,53.40116076,96
866947,-74.99912598,53.40046076,96
866948,-74.93242598,53.40126076,96
866949,-74.86142598,53.40136076,96
866950,-74.75262598,53.40196076,96
866974,-75.51157002,53.40110724,96
867000,-75.36577002,53.40230724,96
867001,-74.96922598,53.39996076,96
867013,-76.98237002,53.39850724,96
867014,-75.77797002,53.39950724,96
867015,-74.86692598,53.39856076,96
867016,-74.56062598,53.39876076,96
867045,-75.32327002,53.39780724,96
867066,-75.79977002,53.39680724,96
867082,-74.91422598,53.39536076,96
867094,-77.11697002,53.39950724,96
867095,-74.88522598,53.39476076,96
867128,-75.66697002,53.39750724,96
867129,-74.80802598,53.39556076,96
867130,-74.58072598,53.39556076,96
867170,-75.12142598,53.39366076,96
867186,-75.85817002,53.39530724,96
867218,-77.69807002,53.39080724,96
867219,-77.13857002,53.39180724,96
867220,-76.87977002,53.39250724,96
867221,-74.96272598,53.39116076,96
867241,-74.97882598,53.38796076,96
867258,-77.20397002,53.39320724,96
867259,-77.10397002,53.38930724,96
867275,-75.78237002,53.39040724,96
867290,-76.97867002,53.38680724,96
867291,-75.43797002,53.38630724,96
867322,-75.89697002,53.38820724,96
867323,-75.84307002,53.38900724,96
867324,-75.69127002,53.38880724,96
867325,-75.61217002,53.38860724,96
867326,-74.93372598,53.38796076,96
867344,-75.90807002,53.38740724,96
867345,-75.15632598,53.38506076,96
867346,-75.02612598,53.38746076,96
867366,-77.25787002,53.38790724,96
867378,-77.59667002,53.38810724,96
867379,-76.90817002,53.38960724,96
867380,-74.89602598,53.38856076,96
867398,-75.74327002,53.38670724,96
867412,-77.54287002,53.38640724,96
867413,-76.93527002,53.37710724,96
867433,-77.34677002,53.38550724,96
867434,-76.84257002,53.38720724,96
867448,-77.61187002,53.38440724,96
867465,-76.95917002,53.38470724,96
867466,-75.84017002,53.37650724,96
867482,-75.84327002,53.38320724,96
867505,-76.78897002,53.38290724,96
867506,-75.40127002,53.38320724,96
867507,-74.56832598,53.37956076,96
867524,-77.47117002,53.38630724,96
867576,-74.59412598,53.38196076,96
867593,-74.60962598,53.38006076,96
867617,-77.63887002,53.37840724,96
867640,-77.13817002,53.37770724,96
867641,-75.40087002,53.37810724,96
867642,-74.97512598,53.37926076,96
867643,-74.78182598,53.37906076,96
867674,-77.15697002,53.38100724,96
867691,-75.76407002,53.37850724,96
867706,-76.90967002,53.37860724,96
867707,-75.71287002,53.37890724,96
867708,-75.41717002,53.37700724,96
867721,-77.46717002,53.37800724,96
867748,-77.02907002,53.37580724,96
867749,-75.65757002,53.37820724,96
867762,-77.09127002,53.36990724,96
867763,-77.04687002,53.37510724,96
867764,-75.42797002,53.37430724,96
867765,-74.74322598,53.37426076,96
867783,-77.82437002,53.37490724,96
867784,-75.71597002,53.37250724,96
867802,-74.44952598,53.37796076,96
867814,-75.49907002,53.37240724,96
867815,-75.19862598,53.37876076,96
867830,-77.01317002,53.37760724,96
867831,-75.87037002,53.37150724,96
867832,-75.04542598,53.37276076,96
867833,-74.40722598,53.37406076,96
867851,-75.69987002,53.37340724,96
867866,-77.74927002,53.37010724,96
867867,-77.22547002,53.37250724,96
867868,-75.68767002,53.37140724,96
867884,-77.46257002,53.37260724,96
867885,-74.55542598,53.36296076,96
867904,-77.77127002,53.37200724,96
867905,-75.00812598,53.37166076,96
867927,-77.71437002,53.37090724,96
867928,-74.57432598,53.36926076,96
867946,-77.73227002,53.36950724,96
867947,-77.55847002,53.37360724,96
867948,-75.91337002,53.37530724,96
867949,-75.73507002,53.37390724,96
867970,-75.60487002,53.36830724,96
868045,-76.42497002,53.36930724,96
868046,-74.42542598,53.36916076,96
868058,-75.48677002,53.36520724,96
868068,-77.67217002,53.36640724,96
868069,-77.46747002,53.36700724,96
868070,-76.45417002,53.36770724,96
868084,-77.03717002,53.36630724,96
868109,-77.85137002,53.36480724,96
868110,-75.50617002,53.36350724,96
868125,-75.54407002,53.36360724,96
868126,-75.04992598,53.36416076,96
868151,-77.28667002,53.36490724,96
868152,-75.52467002,53.36620724,96
868153,-75.16912598,53.36206076,96
868154,-74.94992598,53.36116076,96
868181,-77.73117002,53.36230724,96
868182,-75.32167002,53.36160724,96
868183,-75.28237002,53.36710724,96
868197,-77.77017002,53.36160724,96
868213,-74.98162598,53.36716076,96
868255,-74.78732598,53.35966076,96
868278,-76.16597002,53.35960724,96
868298,-76.36007002,53.36280724,96
868318,-75.23262598,53.35836076,96
868337,-75.99897002,53.36050724,96
868338,-75.23932598,53.35956076,96
868359,-77.15247002,53.35660724,96
868374,-77.48647002,53.35550724,96
868408,-75.21062598,53.35786076,96
868409,-74.89402598,53.35526076,96
868425,-77.81907002,53.35350724,96
868426,-75.60687002,53.35530724,96
868427,-75.08262598,53.35496076,96
868442,-77.68877002,53.35490724,96
868443,-77.36097002,53.34890724,96
868444,-77.28217002,53.35440724,96
868445,-75.14302598,53.35526076,96
868446,-74.90892598,53.35116076,96
868447,-74.56772598,53.35486076,96
868479,-77.22977002,53.35380724,96
868491,-76.35957002,53.35380724,96
868504,-75.95057002,53.35310724,96
868505,-75.24132598,53.35286076,96
868556,-77.94517002,53.34940724,96
868557,-77.10797002,53.34950724,96
868579,-75.34667002,53.35320724,96
868580,-74.95732598,53.34676076,96
868581,-74.80112598,53.34876076,96
868597,-77.73177002,53.34810724,96
868598,-75.79027002,53.35010724,96
868614,-76.90817002,53.35120724,96
868627,-75.50967002,53.34980724,96
868628,-74.85672598,53.35236076,96
868643,-77.90817002,53.34880724,96
868644,-76.04497002,53.34750724,96
868645,-74.60672598,53.34866076,96
868662,-75.13932598,53.34826076,96
868663,-74.55142598,53.34856076,96
868679,-77.09877002,53.35080724,96
868680,-75.41567002,53.34870724,96
868681,-74.58372598,53.34666076,96
868696,-77.80337002,53.34660724,96
868697,-77.67357002,53.34530724,96
868698,-74.87672598,53.34716076,96
868728,-76.45047002,53.34710724,96
868729,-76.01127002,53.34750724,96
868730,-74.41652598,53.34566076,96
868754,-75.45207002,53.34560724,96
868755,-75.43387002,53.34890724,96
868756,-75.04852598,53.34656076,96
868757,-74.99082598,53.34576076,96
868774,-76.03207002,53.34620724,96
868775,-74.49842598,53.34636076,96
868792,-77.97867002,53.34500724,96
868793,-77.52337002,53.34310724,96
868794,-76.24697002,53.34000724,96
868812,-75.26972598,53.34456076,96
868826,-76.14207002,53.34380724,96
868827,-75.39987002,53.34400724,96
868851,-76.38827002,53.34310724,96
868852,-75.02702598,53.34186076,96
868853,-74.95162598,53.34246076,96
868854,-74.77862598,53.34446076,96
868880,-77.92887002,53.34200724,96
868881,-75.29037002,53.34400724,96
868900,-75.44347002,53.34130724,96
868901,-75.34547002,53.34140724,96
868902,-74.56772598,53.34366076,96
868921,-77.99087002,53.34130724,96
868922,-74.96782598,53.34296076,96
868932,-74.62102598,53.34116076,96
868951,-77.77287002,53.34150724,96
868952,-76.10447002,53.33990724,96
868982,-74.92712598,53.33976076,96
868994,-74.47212598,53.33886076,96
869014,-77.89697002,53.33750724,96
869015,-76.15747002,53.33590724,96
869016,-74.79172598,53.33866076,96
869032,-76.18117002,53.33610724,96
869041,-76.50847002,53.33680724,96
869042,-75.76277002,53.33790724,96
869043,-75.05452598,53.33786076,96
869055,-75.41287002,53.33870724,96
869087,-77.98437002,53.33040724,96
869088,-74.98322598,53.33616076,96
869107,-74.83352598,53.33556076,96
869119,-76.46867002,53.33460724,96
869141,-77.93307002,53.33480724,96
869142,-76.35947002,53.33460724,96
869143,-75.82367002,53.32880724,96
869159,-75.12872598,53.33246076,96
869179,-75.27927002,53.33320724,96
869180,-74.89792598,53.33256076,96
869214,-77.69787002,53.33690724,96
869215,-77.64387002,53.33090724,96
869229,-75.89307002,53.33230724,96
869230,-75.57887002,53.32890724,96
869231,-75.57187002,53.33030724,96
869232,-74.85232598,53.33206076,96
869249,-76.42567002,53.33120724,96
869250,-75.78917002,53.33140724,96
869274,-76.76887002,53.33240724,96
869297,-77.22127002,53.32890724,96
869298,-76.66157002,53.33030724,96
869299,-76.07097002,53.33050724,96
869300,-74.98362598,53.32846076,96
869301,-74.96472598,53.32816076,96
869326,-75.84547002,53.32740724,96
869327,-75.66977002,53.32910724,96
869357,-76.45147002,53.32890724,96
869358,-76.07937002,53.33100724,96
869359,-75.34237002,53.33010724,96
869360,-74.52822598,53.32856076,96
869376,-75.15082598,53.32986076,96
869409,-76.49787002,53.32730724,96
869410,-75.73247002,53.32760724,96
869429,-77.64247002,53.32650724,96
869430,-75.65587002,53.32510724,96
869442,-77.69717002,53.32700724,96
869443,-77.27007002,53.32730724,96
869461,-76.47507002,53.32420724,96
869462,-75.11392598,53.32366076,96
869483,-77.72417002,53.32630724,96
869484,-75.43107002,53.32690724,96
869498,-77.90527002,53.32590724,96
869499,-77.88387002,53.32800724,96
869500,-75.45937002,53.32560724,96
869530,-77.15667002,53.32390724,96
869531,-76.93147002,53.32450724,96
869553,-76.15817002,53.32400724,96
869554,-75.70317002,53.32120724,96
869555,-75.25852598,53.32366076,96
869556,-75.16102598,53.32406076,96
869570,-75.78157002,53.31840724,96
869571,-75.40197002,53.32480724,96
869587,-77.97957002,53.32190724,96
869588,-76.07017002,53.31780724,96
869611,-77.57087002,53.32120724,96
869612,-74.85362598,53.32146076,96
869626,-76.12197002,53.32200724,96
869627,-75.35957002,53.31890724,96
869628,-75.24052598,53.31996076,96
869651,-75.19702598,53.32256076,96
869652,-74.73412598,53.32086076,96
869663,-74.42092598,53.32256076,96
869677,-76.22637002,53.32080724,96
869678,-75.53237002,53.31300724,96
869679,-75.17212598,53.31896076,96
869695,-76.20917002,53.32060724,96
869696,-75.67437002,53.31710724,96
869713,-77.26347002,53.31880724,96
869737,-77.30227002,53.31690724,96
869738,-75.13802598,53.31826076,96
869757,-76.10907002,53.31920724,96
869758,-75.48527002,53.31590724,96
869759,-74.59762598,53.31626076,96
869784,-77.96237002,53.31500724,96
869785,-76.26667002,53.31650724,96
869786,-75.20112598,53.31806076,96
869787,-74.56422598,53.30876076,96
869824,-76.49627002,53.31780724,96
869840,-76.48017002,53.31700724,96
869841,-76.02587002,53.31840724,96
869842,-74.44852598,53.31576076,96
869883,-76.20977002,53.31330724,96
869896,-75.65837002,53.31500724,96
869912,-75.24002598,53.30966076,96
869929,-77.52107002,53.31150724,96
869930,-76.18417002,53.31300724,96
869931,-75.22972598,53.31496076,96
869949,-75.98127002,53.31020724,96
869971,-77.56847002,53.31450724,96
869972,-75.84367002,53.31510724,96
869981,-75.18402598,53.31126076,96
869982,-74.96582598,53.31556076,96
869983,-74.95212598,53.31146076,96
869984,-74.74982598,53.31556076,96
869997,-75.73467002,53.31050724,96
869998,-74.41222598,53.31106076,96
870010,-76.47367002,53.31090724,96
870011,-75.66007002,53.31020724,96
870027,-77.27097002,53.31090724,96
870028,-74.99452598,53.30936076,96
870047,-77.21177002,53.30950724,96
870048,-75.88257002,53.30960724,96
870065,-76.33447002,53.31110724,96
870066,-75.75837002,53.30980724,96
870067,-74.69592598,53.31056076,96
870083,-74.70892598,53.30816076,96
870084,-74.42662598,53.30866076,96
870092,-75.98687002,53.31630724,96
870104,-75.11252598,53.31066076,96
870105,-74.84932598,53.30856076,96
870128,-77.77127002,53.30790724,96
870129,-75.33897002,53.30750724,96
870189,-76.10157002,53.30480724,96
870203,-75.28917002,53.30300724,96
870204,-74.60242598,53.30596076,96
870226,-76.04857002,53.30800724,96
870246,-77.80057002,53.30290724,96
870247,-75.96347002,53.30840724,96
870248,-75.93237002,53.30690724,96
870249,-75.12242598,53.30286076,96
870250,-74.66202598,53.30446076,96
870257,-75.19242598,53.30576076,96
870258,-74.94752598,53.30736076,96
870274,-77.75517002,53.30210724,96
870275,-74.41292598,53.30296076,96
870291,-75.65367002,53.30500724,96
870298,-77.15417002,53.30240724,96
870316,-77.59417002,53.30210724,96
870317,-75.31477002,53.30190724,96
870330,-77.65947002,53.30050724,96
870331,-74.76382598,53.30126076,96
870362,-75.45937002,53.29870724,96
870363,-75.26432598,53.30076076,96
870364,-74.65022598,53.29966076,96
870380,-77.40057002,53.29780724,96
870381,-77.31317002,53.30120724,96
870382,-75.77527002,53.30110724,96
870383,-74.90112598,53.30016076,96
870384,-74.49932598,53.29956076,96
870394,-75.70037002,53.30120724,96
870395,-74.77882598,53.29916076,96
870396,-74.55512598,53.30036076,96
870413,-75.38447002,53.30440724,96
870414,-75.10122598,53.29936076,96
870457,-75.66977002,53.29750724,96
870472,-77.25537002,53.28720724,96
870473,-74.44342598,53.29636076,96
870485,-77.35787002,53.29780724,96
870503,-76.01377002,53.29660724,96
870533,-74.93152598,53.29516076,96
870544,-75.89377002,53.29340724,96
870545,-75.22042598,53.29946076,96
870546,-74.47962598,53.29616076,96
870569,-77.23947002,53.29480724,96
870570,-76.08877002,53.29440724,96
870571,-75.70507002,53.29570724,96
870585,-76.53277002,53.29380724,96
870586,-75.56787002,53.29250724,96
870606,-76.11557002,53.29270724,96
870607,-75.77077002,53.29120724,96
870608,-75.18772598,53.29976076,96
870629,-77.71967002,53.28980724,96
870630,-77.27057002,53.29270724,96
870631,-77.04187002,53.29260724,96
870632,-74.84702598,53.29406076,96
870652,-75.50217002,53.29090724,96
870653,-75.46067002,53.29050724,96
870666,-77.78127002,53.29370724,96
870667,-74.82072598,53.29066076,96
870678,-77.22227002,53.29520724,96
870679,-75.53797002,53.28980724,96
870680,-75.30267002,53.29600724,96
870681,-75.11162598,53.28406076,96
870682,-75.03372598,53.29146076,96
870698,-74.87922598,53.29046076,96
870714,-74.85552598,53.28786076,96
870715,-74.67322598,53.29206076,96
870751,-77.77777002,53.28900724,96
870752,-75.75857002,53.29070724,96
870765,-74.80402598,53.29196076,96
870799,-74.44102598,53.28526076,96
870812,-75.35377002,53.28980724,96
870813,-75.34807002,53.29000724,96
870855,-76.08667002,53.28650724,96
870856,-75.13052598,53.28626076,96
870857,-74.70142598,53.28576076,96
870858,-74.53162598,53.28436076,96
870875,-75.32237002,53.28590724,96
870876,-74.68432598,53.28496076,96
870897,-77.23387002,53.28230724,96
870898,-74.72842598,53.28676076,96
870959,-77.34047002,53.28250724,96
870971,-77.10617002,53.28280724,96
870984,-77.76337002,53.28180724,96
871016,-75.40587002,53.27870724,96
871017,-74.60092598,53.27826076,96
871032,-77.07567002,53.27970724,96
871033,-75.57927002,53.27860724,96
871034,-74.98462598,53.28036076,96
871066,-75.64147002,53.27910724,96
871067,-74.40992598,53.28086076,96
871080,-75.33307002,53.27580724,96
871081,-74.83612598,53.27936076,96
871094,-77.73767002,53.27790724,96
871095,-74.52852598,53.27886076,96
871096,-74.46212598,53.27856076,96
871113,-77.30767002,53.28520724,96
871126,-74.50462598,53.27656076,96
871164,-74.94942598,53.27786076,96
871165,-74.89222598,53.27676076,96
871184,-75.56607002,53.27530724,96
871185,-75.09972598,53.27256076,96
871186,-74.42542598,53.27646076,96
871204,-77.34457002,53.27570724,96
871205,-75.58847002,53.27350724,96
871247,-75.13692598,53.27686076,96
871261,-75.52947002,53.27270724,96
871303,-75.93077002,53.27380724,96
871318,-76.54087002,53.27240724,96
871319,-75.53867002,53.27240724,96
871320,-74.84982598,53.27246076,96
871339,-77.78157002,53.27540724,96
871340,-77.07697002,53.27150724,96
871360,-77.76177002,53.27130724,96
871361,-75.17372598,53.27446076,96
871377,-75.72517002,53.26870724,96
871400,-76.48927002,53.27200724,96
871401,-74.88962598,53.27156076,96
871435,-74.82562598,53.26946076,96
871436,-74.68532598,53.26786076,96
871454,-75.62907002,53.26630724,96
871481,-77.23257002,53.26830724,96
871482,-75.53967002,53.26690724,96
871483,-75.17382598,53.26916076,96
871502,-76.96947002,53.26770724,96
871503,-76.60527002,53.26660724,96
871504,-75.12432598,53.26276076,96
871505,-74.43442598,53.26806076,96
871520,-76.27597002,53.26600724,96
871537,-77.35087002,53.26560724,96
871548,-77.73977002,53.26770724,96
871549,-77.11437002,53.27000724,96
871568,-76.52217002,53.26640724,96
871569,-75.66837002,53.26570724,96
871583,-75.72217002,53.26670724,96
871630,-77.78437002,53.26240724,96
871647,-76.12457002,53.26440724,96
871658,-77.04047002,53.26080724,96
871659,-75.69677002,53.26220724,96
871673,-76.94647002,53.26360724,96
871687,-76.32177002,53.25720724,96
871688,-75.76407002,53.26260724,96
871689,-75.72157002,53.26180724,96
871719,-75.09432598,53.26036076,96
871737,-76.58657002,53.26010724,96
871738,-74.41462598,53.26496076,96
871758,-77.59747002,53.25910724,96
871759,-76.06517002,53.26030724,96
871760,-75.15542598,53.26166076,96
871782,-77.82137002,53.25900724,96
871783,-77.20037002,53.25760724,96
871784,-77.11577002,53.25770724,96
871785,-77.09277002,53.25850724,96
871786,-75.59657002,53.25840724,96
871787,-74.65802598,53.25796076,96
871809,-75.64597002,53.25690724,96
871810,-75.25082598,53.25656076,96
871838,-74.51522598,53.25746076,96
871851,-77.90137002,53.25860724,96
871852,-74.79422598,53.26146076,96
871886,-76.42017002,53.25680724,96
871904,-75.56187002,53.25530724,96
871905,-75.54347002,53.25660724,96
871906,-75.23782598,53.25536076,96
871940,-75.74727002,53.25450724,96
871941,-75.73387002,53.25420724,96
871957,-75.57097002,53.25270724,96
871970,-77.74107002,53.25670724,96
871971,-76.40927002,53.25400724,96
871972,-75.03822598,53.25266076,96
871983,-77.71367002,53.25790724,96
871984,-75.61367002,53.25660724,96
871985,-75.48537002,53.25320724,96
872001,-77.61187002,53.25310724,96
872002,-75.68627002,53.25430724,96
872003,-75.35957002,53.25310724,96
872022,-75.66207002,53.25110724,96
872023,-74.80402598,53.25436076,96
872072,-75.26322598,53.25356076,96
872088,-74.94812598,53.24746076,96
872109,-75.70647002,53.24980724,96
872124,-77.81227002,53.24920724,96
872125,-77.67647002,53.24910724,96
872126,-76.14317002,53.24890724,96
872146,-75.04372598,53.24886076,96
872164,-75.50807002,53.24800724,96
872178,-76.34847002,53.24400724,96
872179,-75.62037002,53.24820724,96
872180,-75.60347002,53.24870724,96
872181,-75.31297002,53.24600724,96
872205,-76.12947002,53.24840724,96
872206,-75.29267002,53.24740724,96
872207,-74.97332598,53.24726076,96
872219,-75.39317002,53.24690724,96
872240,-76.18787002,53.24890724,96
872241,-75.27657002,53.24700724,96
872258,-74.87672598,53.24116076,96
872275,-76.47667002,53.24780724,96
872276,-74.48092598,53.24536076,96
872289,-75.66947002,53.24580724,96
872290,-75.50757002,53.24300724,96
872325,-74.58602598,53.24336076,96
872344,-74.55232598,53.24496076,96
872369,-76.41847002,53.24180724,96
872370,-75.23742598,53.24246076,96
872382,-75.25752598,53.23956076,96
872389,-76.84757002,53.23980724,96
872390,-75.21502598,53.24146076,96
872391,-74.44762598,53.24206076,96
872409,-76.52307002,53.24390724,96
872410,-75.69837002,53.24400724,96
872421,-77.75867002,53.24100724,96
872422,-75.52117002,53.23690724,96
872423,-74.97722598,53.24386076,96
872441,-77.52457002,53.23800724,96
872476,-76.52687002,53.23730724,96
872505,-74.95012598,53.24106076,96
872506,-74.91032598,53.23706076,96
872519,-77.74567002,53.23670724,96
872520,-75.54427002,53.23730724,96
872521,-75.37367002,53.23340724,96
872522,-75.21092598,53.23576076,96
872536,-75.67847002,53.24210724,96
872550,-76.36087002,53.23780724,96
872551,-75.00242598,53.23696076,96
872552,-74.85632598,53.23836076,96
872607,-75.58857002,53.23570724,96
872621,-75.62747002,53.23530724,96
872622,-75.39547002,53.23580724,96
872639,-77.51087002,53.23130724,96
872640,-75.67047002,53.23390724,96
872641,-75.27877002,53.23310724,96
872660,-75.61257002,53.23360724,96
872676,-77.73527002,53.23230724,96
872690,-76.51047002,53.23190724,96
872691,-74.45332598,53.23066076,96
872706,-75.24822598,53.22456076,96
872720,-76.18797002,53.22840724,96
872721,-74.56272598,53.23416076,96
872740,-75.57897002,53.23310724,96
872741,-75.13172598,53.23036076,96
872764,-75.58357002,53.22980724,96
872765,-74.98382598,53.23026076,96
872789,-74.49772598,53.22966076,96
872806,-77.60287002,53.22850724,96
872807,-76.16317002,53.22920724,96
872808,-74.66672598,53.22876076,96
872823,-75.39637002,53.23080724,96
872842,-76.13047002,53.22750724,96
872863,-76.37057002,53.22560724,96
872864,-75.65227002,53.22660724,96
872914,-75.96877002,53.22560724,96
872926,-74.44072598,53.22596076,96
872959,-76.38197002,53.22380724,96
872960,-75.94217002,53.22100724,96
872961,-74.87092598,53.22426076,96
872976,-77.54997002,53.22710724,96
872977,-74.46062598,53.22296076,96
872994,-76.17847002,53.22310724,96
872995,-75.39257002,53.22400724,96
872996,-74.96942598,53.22446076,96
873034,-75.58847002,53.22020724,96
873035,-75.03542598,53.22146076,96
873036,-74.98722598,53.22136076,96
873056,-75.99587002,53.22410724,96
873072,-76.86967002,53.21880724,96
873081,-77.49327002,53.22080724,96
873082,-76.10527002,53.22150724,96
873083,-76.03827002,53.22050724,96
873145,-74.46972598,53.21676076,96
873184,-77.92267002,53.21490724,96
873200,-77.61877002,53.21300724,96
873201,-76.05157002,53.21520724,96
873208,-77.26687002,53.21120724,96
873228,-77.52817002,53.21620724,96
873229,-76.23387002,53.21660724,96
873240,-77.88137002,53.21510724,96
873241,-77.55347002,53.21410724,96
873242,-76.16177002,53.21560724,96
873255,-75.54477002,53.21100724,96
873266,-76.08287002,53.21450724,96
873267,-75.33027002,53.21340724,96
873277,-75.99607002,53.21360724,96
873296,-75.85817002,53.21270724,96
873297,-75.79917002,53.21250724,96
873298,-75.71077002,53.21490724,96
873299,-74.44682598,53.21256076,96
873313,-77.79267002,53.21200724,96
873314,-75.54257002,53.20370724,96
873315,-75.08502598,53.21146076,96
873331,-75.90237002,53.21230724,96
873343,-75.78467002,53.21210724,96
873344,-75.17612598,53.21396076,96
873351,-74.93192598,53.21106076,96
873382,-77.08067002,53.21060724,96
873383,-75.94097002,53.21010724,96
873394,-77.65747002,53.20970724,96
873395,-77.64197002,53.20880724,96
873436,-76.62937002,53.20660724,96
873437,-75.85177002,53.20710724,96
873438,-75.75227002,53.20750724,96
873467,-75.96657002,53.20770724,96
873468,-75.68747002,53.20950724,96
873482,-76.00877002,53.20710724,96
873483,-75.05652598,53.20736076,96
873494,-75.51487002,53.20610724,96
873495,-75.24772598,53.20706076,96
873518,-77.56127002,53.20620724,96
873519,-75.32347002,53.20850724,96
873542,-77.59237002,53.20470724,96
873543,-77.31797002,53.20510724,96
873544,-76.45127002,53.20650724,96
873561,-77.44447002,53.20480724,96
873562,-75.87067002,53.20500724,96
873563,-75.59967002,53.20620724,96
873564,-75.17952598,53.20546076,96
873593,-77.68007002,53.20210724,96
873636,-77.97487002,53.20430724,96
873657,-75.43997002,53.20250724,96
873672,-76.34057002,53.20370724,96
873686,-76.09937002,53.20150724,96
873687,-74.89662598,53.20396076,96
873707,-76.14717002,53.19690724,96
873727,-77.71787002,53.19990724,96
873728,-77.62107002,53.19920724,96
873729,-75.71097002,53.20120724,96
873730,-74.95992598,53.20246076,96
873744,-75.14572598,53.19936076,96
873745,-74.65582598,53.19836076,96
873757,-75.96197002,53.20220724,96
873778,-75.25582598,53.20146076,96
873779,-75.21272598,53.19866076,96
873797,-75.95447002,53.19450724,96
873809,-77.96547002,53.19770724,96
873810,-76.25067002,53.19350724,96
873811,-75.91797002,53.19810724,96
873812,-75.35807002,53.19690724,96
873826,-75.56477002,53.19690724,96
873842,-75.73917002,53.19610724,96
873857,-75.17812598,53.19426076,96
873884,-76.11397002,53.19520724,96
873902,-74.58752598,53.19756076,96
873913,-75.98507002,53.18650724,96
873914,-75.29497002,53.20310724,96
873915,-75.26162598,53.19526076,96
873941,-76.13517002,53.19390724,96
873958,-77.59067002,53.19160724,96
873959,-75.51987002,53.19320724,96
873979,-76.18497002,53.19320724,96
873980,-76.02387002,53.19210724,96
873981,-75.75417002,53.19480724,96
874016,-75.61627002,53.19120724,96
874041,-75.67627002,53.19220724,96
874065,-77.66807002,53.18990724,96
874066,-75.13122598,53.18976076,96
874067,-74.55772598,53.18646076,96
874086,-77.56937002,53.18860724,96
874102,-75.62977002,53.18330724,96
874103,-75.62327002,53.18880724,96
874127,-77.29557002,53.18800724,96
874128,-76.07587002,53.18500724,96
874129,-74.61232598,53.19016076,96
874130,-74.40402598,53.18746076,96
874146,-74.94192598,53.18856076,96
874147,-74.59532598,53.18616076,96
874167,-77.52607002,53.18780724,96
874168,-75.69757002,53.19350724,96
874169,-75.28947002,53.18720724,96
874170,-74.42582598,53.18706076,96
874182,-77.70827002,53.18690724,96
874183,-75.31877002,53.19230724,96
874195,-75.25892598,53.18646076,96
874196,-74.97332598,53.18956076,96
874226,-76.50727002,53.18510724,96
874245,-77.74517002,53.18520724,96
874246,-75.07372598,53.18366076,96
874261,-76.32797002,53.18320724,96
874280,-77.03337002,53.18260724,96
874281,-75.72857002,53.18380724,96
874282,-75.59397002,53.17780724,96
874296,-75.89847002,53.18610724,96
874311,-77.65077002,53.18240724,96
874312,-77.53767002,53.18130724,96
874313,-75.32597002,53.18220724,96
874314,-75.14512598,53.18516076,96
874329,-75.42157002,53.18290724,96
874344,-76.03867002,53.18160724,96
874360,-76.01427002,53.18120724,96
874377,-76.98967002,53.18060724,96
874378,-75.57057002,53.18030724,96
874379,-74.88422598,53.18076076,96
874392,-75.20722598,53.18076076,96
874393,-75.09862598,53.18016076,96
874394,-74.91362598,53.17956076,96
874414,-77.78167002,53.17930724,96
874415,-76.05507002,53.18020724,96
874416,-75.16752598,53.18186076,96
874434,-76.33887002,53.17860724,96
874435,-75.29007002,53.18180724,96
874436,-75.24052598,53.17836076,96
874452,-76.16297002,53.18100724,96
874453,-75.94117002,53.17900724,96
874454,-75.90217002,53.17990724,96
874455,-75.61357002,53.17810724,96
874456,-74.52072598,53.17946076,96
874473,-77.60897002,53.17700724,96
874484,-75.36927002,53.17930724,96
874498,-76.98727002,53.17580724,96
874499,-76.09607002,53.17870724,96
874500,-74.99062598,53.17766076,96
874501,-74.51522598,53.17576076,96
874521,-75.11852598,53.17686076,96
874535,-76.44457002,53.17740724,96
874536,-76.12337002,53.17800724,96
874537,-75.03482598,53.17486076,96
874556,-75.89687002,53.17720724,96
874557,-74.96582598,53.17516076,96
874572,-74.50292598,53.17366076,96
874579,-75.80487002,53.17640724,96
874586,-75.51487002,53.17270724,96
874587,-74.54352598,53.16676076,96
874599,-74.59692598,53.17556076,96
874609,-75.86837002,53.17410724,96
874610,-75.30937002,53.17690724,96
874624,-76.36337002,53.17140724,96
874638,-76.48977002,53.17360724,96
874639,-75.90967002,53.17120724,96
874640,-74.65422598,53.17176076,96
874655,-76.39107002,53.17130724,96
874656,-75.66947002,53.16800724,96
874670,-76.09547002,53.17330724,96
874671,-76.02627002,53.17300724,96
874672,-75.22012598,53.17066076,96
874673,-74.64372598,53.17056076,96
874721,-74.40152598,53.16966076,96
874740,-75.10002598,53.16876076,96
874741,-74.71222598,53.16716076,96
874760,-76.46827002,53.16840724,96
874761,-76.42727002,53.16760724,96
874778,-75.74527002,53.16800724,96
874779,-75.64707002,53.16860724,96
874780,-75.20192598,53.16586076,96
874781,-74.97822598,53.16746076,96
874801,-76.03677002,53.16570724,96
874802,-75.47677002,53.16630724,96
874803,-75.28167002,53.16400724,96
874816,-76.36077002,53.16480724,96
874826,-75.95527002,53.16690724,96
874827,-75.56347002,53.16730724,96
874828,-74.92982598,53.16746076,96
874840,-76.40447002,53.16400724,96
874841,-75.98617002,53.16620724,96
874842,-75.49607002,53.16180724,96
874852,-76.01267002,53.16430724,96
874868,-77.49587002,53.16590724,96
874869,-74.90632598,53.16776076,96
874889,-76.32777002,53.16310724,96
874890,-76.12877002,53.16370724,96
874891,-75.96697002,53.16090724,96
874892,-75.13082598,53.16436076,96
874906,-76.11857002,53.16380724,96
874907,-76.06307002,53.16320724,96
874919,-76.99167002,53.16180724,96
874920,-75.71577002,53.16290724,96
874925,-75.58427002,53.15890724,96
874926,-75.06672598,53.16256076,96
874939,-76.48157002,53.16000724,96
874950,-77.77427002,53.16170724,96
874951,-74.68922598,53.16126076,96
874965,-76.44037002,53.16700724,96
874990,-75.15202598,53.15856076,96
875006,-75.42407002,53.15430724,96
875007,-74.55602598,53.15876076,96
875022,-74.63592598,53.15846076,96
875048,-74.95272598,53.16586076,96
875049,-74.60752598,53.15956076,96
875063,-76.41377002,53.15660724,96
875064,-75.77687002,53.16850724,96
875065,-74.95912598,53.15666076,96
875086,-77.42357002,53.15850724,96
875096,-76.41027002,53.15360724,96
875097,-76.20247002,53.15460724,96
875118,-77.80497002,53.15650724,96
875133,-76.33787002,53.15610724,96
875134,-76.05607002,53.15550724,96
875149,-74.87422598,53.15286076,96
875150,-74.51442598,53.15326076,96
875162,-76.49187002,53.15310724,96
875163,-76.43167002,53.15480724,96
875164,-76.09817002,53.15550724,96
875165,-75.11352598,53.15336076,96
875166,-75.01826505,53.1482605,96
875167,-74.97082598,53.15526076,96
875168,-74.73402598,53.15486076,96
875176,-75.15606505,53.1519605,96
875194,-77.34647002,53.15630724,96
875195,-74.84012598,53.15526076,96
875224,-77.63117002,53.15310724,96
875247,-77.53002762,53.15230432,96
875248,-75.86227002,53.15240724,96
875249,-74.85476505,53.1520605,96
875270,-77.58092762,53.15420432,96
875271,-75.60112762,53.15090432,96
875272,-74.48046505,53.1521605,96
875284,-77.85762762,53.14880432,96
875315,-77.34482762,53.15070432,96
875332,-76.44947002,53.15440724,96
875333,-76.11702762,53.15290432,96
875334,-75.45062762,53.15000432,96
875335,-75.43877002,53.15280724,96
875377,-75.90402762,53.14990432,96
875378,-75.77777002,53.15270724,96
875379,-75.17536505,53.1484605,96
875388,-77.55052762,53.15280432,96
875389,-75.96262762,53.14680432,96
875390,-75.56922762,53.14980432,96
875401,-76.07822762,53.15040432,96
875419,-74.69786505,53.1459605,96
875431,-76.82492762,53.14510432,96
875432,-76.18362762,53.14460432,96
875442,-76.17172762,53.14320432,96
875447,-76.30882762,53.14600432,96
875448,-75.36232762,53.14500432,96
875449,-75.33552762,53.14810432,96
875466,-76.46322762,53.14730432,96
875478,-76.38732762,53.14470432,96
875479,-75.08426505,53.1433605,96
875480,-74.87956505,53.1457605,96
875498,-76.90722762,53.14110432,96
875499,-76.06992762,53.14200432,96
875500,-75.98542762,53.14350432,96
875512,-77.77572762,53.14240432,96
875513,-76.14812762,53.14680432,96
875514,-74.76136505,53.1411605,96
875529,-77.78942762,53.14040432,96
875530,-74.73086505,53.1382605,96
875557,-75.09516505,53.1415605,96
875578,-77.74342762,53.14140432,96
875579,-76.11822762,53.14190432,96
875580,-75.27662762,53.15090432,96
875591,-75.33342762,53.14040432,96
875616,-77.73202762,53.13840432,96
875617,-77.62842762,53.14000432,96
875618,-74.62926505,53.1404605,96
875635,-74.41666505,53.1390605,96
875648,-75.46962762,53.13900432,96
875658,-77.07402762,53.13640432,96
875659,-76.36792762,53.13850432,96
875660,-76.22962762,53.13690432,96
875661,-75.58752762,53.13850432,96
875662,-74.81776505,53.1371605,96
875673,-76.93062762,53.13490432,96
875689,-76.39092762,53.13880432,96
875703,-77.29562762,53.13750432,96
875704,-76.33242762,53.13650432,96
875705,-76.21622762,53.13720432,96
875706,-75.97222762,53.13840432,96
875707,-74.44596505,53.1345605,96
875724,-76.34012762,53.13480432,96
875725,-75.91212762,53.13600432,96
875726,-75.54092762,53.13680432,96
875727,-75.02336505,53.1362605,96
875728,-74.50256505,53.1349605,96
875741,-75.84912762,53.13520432,96
875742,-74.68696505,53.1345605,96
875743,-74.67066505,53.1363605,96
875752,-75.82302762,53.13550432,96
875763,-77.84072762,53.13630432,96
875764,-77.81202762,53.13890432,96
875765,-77.67402762,53.14010432,96
875766,-77.03832762,53.13190432,96
875784,-75.71812762,53.13500432,96
875785,-75.17006505,53.1335605,96
875806,-77.10432762,53.13260432,96
875807,-74.79136505,53.1329605,96
875830,-75.51722762,53.13280432,96
875844,-77.58422762,53.13460432,96
875845,-75.40652762,53.13400432,96
875858,-77.01522762,53.13160432,96
875877,-76.13852762,53.13170432,96
875886,-77.80212762,53.13080432,96
875887,-75.24356505,53.1295605,96
875905,-77.33132762,53.12810432,96
875906,-76.03812762,53.12940432,96
875926,-77.88122762,53.12650432,96
875927,-76.20542762,53.12730432,96
875928,-74.84256505,53.1257605,96
875937,-77.86102762,53.12980432,96
875938,-76.35652762,53.12830432,96
875946,-75.68832762,53.12980432,96
875959,-75.42322762,53.12760432,96
875960,-75.03826505,53.1311605,96
875980,-77.36202762,53.12810432,96
875981,-75.32782762,53.12950432,96
875982,-75.27792762,53.12780432,96
876002,-76.77192762,53.12690432,96
876021,-77.35132762,53.12600432,96
876022,-74.81546505,53.1267605,96
876031,-77.60642762,53.12440432,96
876032,-76.37352762,53.12610432,96
876033,-76.31522762,53.12600432,96
876034,-76.06182762,53.12620432,96
876035,-76.04982762,53.12600432,96
876053,-76.94582762,53.11930432,96
876054,-76.50032762,53.12480432,96
876055,-76.46102762,53.12470432,96
876056,-76.16102762,53.12580432,96
876057,-75.84752762,53.12220432,96
876058,-75.55812762,53.12780432,96
876059,-75.44472762,53.12560432,96
876060,-74.97966505,53.1256605,96
876090,-75.26746505,53.1263605,96
876099,-77.47672762,53.12940432,96
876100,-76.80212762,53.12520432,96
876117,-77.69562762,53.12510432,96
876118,-76.75332762,53.12360432,96
876119,-76.07382762,53.12350432,96
876120,-76.04202762,53.12410432,96
876121,-75.61852762,53.12340432,96
876122,-75.08406505,53.1241605,96
876132,-75.64402762,53.12230432,96
876133,-74.80066505,53.1254605,96
876134,-74.75516505,53.1221605,96
876166,-77.63912762,53.12110432,96
876167,-77.17472762,53.12280432,96
876168,-76.74282762,53.12330432,96
876169,-75.71082762,53.12240432,96
876170,-75.22446505,53.1291605,96
876191,-77.89882762,53.12300432,96
876192,-76.97872762,53.12140432,96
876193,-74.85176505,53.1218605,96
876203,-76.59192762,53.11570432,96
876204,-76.36282762,53.11840432,96
876205,-75.83992762,53.12090432,96
876206,-75.29312762,53.12010432,96
876207,-75.25176505,53.1214605,96
876208,-74.56716505,53.1217605,96
876224,-76.00032762,53.12140432,96
876225,-75.67222762,53.12230432,96
876233,-76.99742762,53.12230432,96
876234,-76.47442762,53.12090432,96
876235,-74.72136505,53.1210605,96
876248,-77.65722762,53.12820432,96
876249,-76.17552762,53.11860432,96
876250,-75.53392762,53.11970432,96
876274,-75.32052762,53.11790432,96
876292,-77.93492762,53.12100432,96
876293,-76.57772762,53.11750432,96
876303,-76.74072762,53.11680432,96
876304,-75.81942762,53.11450432,96
876305,-75.34572762,53.11620432,96
876311,-75.59222762,53.11740432,96
876312,-75.06546505,53.1174605,96
876324,-77.92572762,53.11840432,96
876325,-75.13266505,53.1113605,96
876335,-76.14272762,53.11430432,96
876336,-76.12162762,53.11650432,96
876337,-75.37402762,53.11910432,96
876349,-76.19802762,53.11900432,96
876366,-77.24322762,53.11200432,96
876367,-76.24342762,53.11450432,96
876368,-74.96996505,53.1160605,96
876369,-74.71636505,53.1149605,96
876387,-76.08992762,53.11460432,96
876388,-75.75512762,53.11370432,96
876389,-74.69966505,53.1144605,96
876405,-76.81722762,53.11460432,96
876406,-75.79352762,53.11620432,96
876407,-75.02046505,53.1142605,96
876427,-75.50062762,53.11830432,96
876428,-75.42202762,53.11150432,96
876429,-75.40562762,53.11320432,96
876446,-77.08992762,53.11020432,96
876447,-76.97482762,53.11310432,96
876448,-74.43796505,53.1093605,96
876459,-76.23332762,53.11190432,96
876460,-74.52996505,53.1129605,96
876474,-77.82732762,53.11240432,96
876475,-75.08906505,53.1143605,96
876488,-77.80412762,53.11190432,96
876489,-75.65432762,53.11200432,96
876490,-75.00036505,53.1137605,96
876502,-77.88682762,53.11140432,96
876503,-75.86092762,53.11220432,96
876504,-74.68566505,53.1113605,96
876516,-77.79562762,53.11080432,96
876517,-77.63002762,53.11160432,96
876518,-75.62632762,53.11110432,96
876519,-75.27992762,53.11080432,96
876547,-76.01902762,53.11270432,96
876578,-76.12082762,53.11100432,96
876579,-75.89782762,53.10730432,96
876592,-76.59382762,53.10910432,96
876593,-75.11886505,53.1061605,96
876594,-75.08666505,53.1080605,96
876624,-77.90822762,53.10840432,96
876625,-77.85762762,53.11040432,96
876626,-75.14756505,53.1088605,96
876627,-74.99926505,53.1088605,96
876628,-74.82736505,53.1085605,96
876643,-76.82492762,53.10710432,96
876644,-76.07092762,53.10620432,96
876645,-74.97256505,53.1060605,96
876646,-74.41206505,53.1086605,96
876658,-76.50662762,53.10690432,96
876659,-76.39552762,53.10760432,96
876670,-76.52502762,53.10570432,96
876671,-75.32702762,53.10730432,96
876672,-75.28422762,53.10530432,96
876673,-75.19086505,53.1065605,96
876684,-74.58106505,53.1048605,96
876685,-74.55306505,53.1059605,96
876694,-77.24892762,53.10430432,96
876695,-76.25642762,53.10300432,96
876714,-74.67366505,53.1052605,96
876731,-77.71032762,53.10300432,96
876745,-77.88602762,53.10350432,96
876746,-74.61676505,53.1044605,96
876747,-74.47566505,53.1036605,96
876762,-76.22862762,53.10450432,96
876763,-76.08632762,53.10200432,96
876778,-75.76522762,53.09610432,96
876779,-75.72312762,53.10230432,96
876780,-75.17066505,53.1024605,96
876781,-74.40946505,53.1019605,96
876812,-77.26782762,53.09770432,96
876813,-75.79152762,53.10210432,96
876814,-75.39522762,53.10070432,96
876832,-76.21552762,53.10010432,96
876833,-75.34662762,53.09810432,96
876843,-74.62386505,53.0999605,96
876858,-76.44272762,53.09980432,96
876859,-76.30712762,53.10060432,96
876874,-75.27892762,53.09930432,96
876875,-75.06516505,53.0960605,96
876876,-74.70576505,53.1059605,96
876886,-77.44262762,53.10400432,96
876887,-76.02172762,53.09870432,96
876888,-75.79902762,53.09870432,96
876905,-77.90442762,53.09780432,96
876906,-76.52272762,53.09840432,96
876907,-75.95522762,53.09890432,96
876924,-76.66712762,53.09710432,96
876925,-76.37882762,53.09740432,96
876934,-75.85592762,53.09710432,96
876935,-75.21036505,53.0942605,96
876952,-77.84672762,53.09620432,96
876953,-75.10076505,53.0965605,96
876954,-74.55836505,53.0931605,96
876975,-76.20182762,53.09130432,96
876976,-75.52402762,53.09400432,96
876977,-74.63736505,53.1033605,96
876999,-76.69842762,53.09520432,96
877000,-75.79072762,53.09570432,96
877010,-76.65212762,53.09480432,96
877031,-75.17636505,53.0950605,96
877032,-75.08266505,53.0933605,96
877045,-77.65352762,53.09440432,96
877058,-74.68266505,53.0932605,96
877059,-74.41156505,53.0929605,96
877076,-77.62992762,53.09380432,96
877077,-77.55502762,53.09270432,96
877078,-77.32012762,53.09550432,96
877079,-75.28732762,53.09240432,96
877094,-77.29562762,53.09160432,96
877095,-76.55512762,53.09030432,96
877112,-75.74272762,53.09080432,96
877113,-75.17976505,53.0854605,96
877132,-77.44502762,53.09220432,96
877139,-77.91182762,53.09010432,96
877140,-75.88852762,53.09110432,96
877141,-75.83302762,53.09040432,96
877153,-76.70552762,53.09010432,96
877154,-74.74296505,53.0899605,96
877168,-77.70252762,53.08720432,96
877169,-75.26386505,53.0895605,96
877170,-74.95526505,53.0903605,96
877191,-75.72292762,53.08930432,96
877192,-75.64112762,53.08860432,96
877193,-75.10646505,53.1025605,96
877194,-74.89176505,53.0882605,96
877195,-74.40366505,53.0864605,96
877220,-75.71182762,53.08690432,96
877230,-76.57112762,53.09340432,96
877239,-76.58762762,53.08750432,96
877240,-76.04252762,53.09010432,96
877241,-75.39292762,53.08810432,96
877252,-77.57322762,53.08680432,96
877253,-75.32322762,53.08730432,96
877265,-77.46602762,53.08550432,96
877266,-75.78702762,53.08800432,96
877280,-74.58526505,53.0868605,96
877298,-76.68602762,53.08410432,96
877299,-75.13836505,53.0861605,96
877307,-77.25392762,53.08370432,96
877308,-75.30472762,53.08050432,96
877309,-75.11396505,53.0829605,96
877319,-74.98376505,53.0840605,96
877337,-77.77042762,53.08600432,96
877338,-77.56422762,53.08330432,96
877346,-77.90202762,53.08320432,96
877370,-76.10992762,53.08190432,96
877371,-75.63352762,53.08370432,96
877372,-74.53616505,53.0819605,96
877386,-76.34782762,53.08260432,96
877387,-74.66426505,53.0820605,96
877388,-74.55726505,53.0815605,96
877414,-75.24826505,53.0801605,96
877430,-77.69582762,53.07880432,96
877440,-76.75762762,53.08160432,96
877447,-76.16682762,53.08150432,96
877465,-76.48002762,53.08160432,96
877466,-76.33262762,53.07930432,96
877475,-77.09932762,53.07750432,96
877476,-75.67132762,53.07670432,96
877477,-75.33382762,53.08070432,96
877495,-77.49462762,53.07660432,96
877496,-76.74212762,53.07940432,96
877497,-75.49372762,53.07600432,96
877498,-74.68086505,53.0791605,96
877509,-76.62692762,53.07730432,96
877510,-76.01882762,53.07420432,96
877511,-74.91516505,53.0766605,96
877524,-77.50432762,53.07570432,96
877525,-77.46932762,53.07910432,96
877526,-75.58172762,53.07680432,96
877527,-74.70036505,53.0769605,96
877543,-75.13866505,53.0741605,96
877555,-75.71612762,53.07470432,96
877556,-75.09296505,53.0725605,96
877557,-74.85426505,53.0729605,96
877567,-77.34522762,53.08040432,96
877568,-76.45022762,53.07470432,96
877569,-75.20546505,53.0759605,96
877578,-75.70472762,53.07530432,96
877579,-74.42336505,53.0712605,96
877593,-76.41322762,53.07390432,96
877594,-75.54612762,53.07360432,96
877612,-75.68972762,53.07340432,96
877613,-74.96546505,53.0732605,96
877614,-74.79896505,53.0706605,96
877671,-76.64202762,53.07240432,96
877672,-76.05702762,53.07950432,96
877673,-75.56382762,53.07490432,96
877674,-74.94566505,53.0713605,96
877691,-76.84362762,53.07420432,96
877705,-74.68516505,53.0714605,96
877717,-76.30222762,53.07200432,96
877718,-75.84482762,53.07150432,96
877719,-74.74946505,53.0745605,96
877732,-74.48966505,53.0699605,96
877746,-75.71672762,53.06880432,96
877747,-74.77796505,53.0704605,96
877748,-74.70906505,53.0703605,96
877760,-76.28612762,53.06990432,96
877761,-76.12352762,53.06790432,96
877775,-77.97142762,53.06690432,96
877776,-77.55162762,53.06520432,96
877777,-76.79482762,53.06770432,96
877778,-76.03452762,53.06540432,96
877779,-74.45936505,53.0678605,96
877816,-74.73406505,53.0660605,96
877829,-77.40902762,53.06150432,96
877830,-76.20832762,53.06770432,96
877842,-75.25756505,53.0662605,96
877843,-75.02826505,53.0672605,96
877844,-74.97716505,53.0677605,96
877857,-77.37802762,53.06570432,96
877858,-76.42912762,53.06520432,96
877859,-74.99126505,53.0661605,96
877860,-74.54016505,53.0670605,96
877874,-74.46986505,53.0660605,96
877891,-76.80592762,53.06870432,96
877892,-75.37072762,53.06440432,96
877905,-76.27462762,53.06390432,96
877920,-77.71152762,53.06340432,96
877921,-76.38532762,53.06260432,96
877922,-74.55236505,53.0637605,96
877939,-74.91716505,53.0631605,96
877940,-74.44746505,53.0621605,96
877941,-74.40546505,53.0629605,96
877958,-75.38382762,53.06270432,96
877981,-75.17036505,53.0632605,96
877982,-74.57836505,53.0632605,96
877997,-77.99462762,53.06090432,96
877998,-77.52372762,53.06140432,96
877999,-75.20776505,53.0603605,96
878012,-76.53612762,53.06140432,96
878013,-76.40682762,53.06090432,96
878014,-74.64346505,53.0627605,96
878031,-76.13302762,53.06440432,96
878032,-75.66212762,53.06140432,96
878069,-77.69312762,53.05880432,96
878070,-77.41202762,53.05790432,96
878071,-75.78042762,53.05810432,96
878088,-77.25412762,53.05570432,96
878089,-76.23752762,53.05830432,96
878090,-74.88816505,53.0583605,96
878106,-76.27962762,53.05490432,96
878107,-74.69196505,53.0618605,96
878108,-74.51436505,53.0603605,96
878112,-76.12742762,53.06010432,96
878113,-75.14716505,53.0581605,96
878114,-74.95986505,53.0601605,96
878125,-77.52452762,53.05600432,96
878135,-76.93762762,53.05730432,96
878136,-76.92902762,53.05960432,96
878137,-76.14342762,53.05690432,96
878138,-75.64062762,53.05680432,96
878139,-75.25396505,53.0602605,96
878153,-77.58902762,53.06020432,96
878154,-76.44312762,53.05570432,96
878155,-74.86936505,53.0510605,96
878177,-77.38802762,53.04900432,96
878178,-75.69082762,53.05560432,96
878179,-74.91446505,53.0533605,96
878192,-77.66562762,53.05390432,96
878193,-74.45296505,53.0523605,96
878209,-75.58652762,53.05520432,96
878219,-75.24506505,53.0532605,96
878220,-74.95306505,53.0532605,96
878245,-74.93966505,53.0554605,96
878246,-74.54456505,53.0528605,96
878262,-75.83632762,53.05320432,96
878263,-75.33062762,53.05370432,96
878275,-77.60252762,53.05230432,96
878276,-76.46392762,53.05270432,96
878277,-76.07232762,53.05920432,96
878278,-75.74802762,53.05480432,96
878279,-75.12976505,53.0513605,96
878295,-77.63502762,53.05370432,96
878296,-75.61312762,53.05240432,96
878307,-76.80322762,53.05160432,96
878308,-76.30562762,53.05140432,96
878309,-74.81796505,53.0518605,96
878327,-74.43106505,53.0515605,96
878358,-75.71242762,53.04850432,96
878359,-75.45952762,53.05050432,96
878379,-77.60082762,53.04800432,96
878380,-76.28612762,53.04890432,96
878381,-74.55666505,53.0508605,96
878403,-75.38402762,53.04870432,96
878421,-75.52422762,53.04680432,96
878422,-75.50992762,53.04950432,96
878423,-74.92126505,53.0475605,96
878424,-74.50886505,53.0478605,96
878448,-74.94696505,53.0464605,96
878449,-74.73796505,53.0431605,96
878461,-77.40282762,53.04180432,96
878462,-76.75162762,53.04490432,96
878463,-74.44816505,53.0452605,96
878478,-77.61322762,53.04700432,96
878490,-76.32492762,53.04360432,96
878491,-76.26382762,53.04290432,96
878517,-76.37522762,53.04720432,96
878518,-75.41842762,53.04730432,96
878536,-77.62682762,53.04530432,96
878551,-77.64712762,53.04200432,96
878552,-74.78376505,53.0430605,96
878553,-74.46866505,53.0431605,96
878567,-77.41782762,53.04100432,96
878568,-76.24082762,53.04460432,96
878569,-75.28552762,53.04250432,96
878570,-75.16536505,53.0419605,96
878621,-77.44072762,53.04110432,96
878622,-75.30542762,53.03910432,96
878637,-77.59002762,53.04030432,96
878647,-76.35462762,53.03850432,96
878648,-75.94552762,53.04110432,96
878649,-75.67612762,53.04270432,96
878662,-76.49022762,53.03930432,96
878681,-75.78562762,53.03920432,96
878682,-75.66272762,53.03990432,96
878700,-75.31592762,53.03790432,96
878701,-75.08076505,53.0354605,96
878722,-75.48962762,53.03970432,96
878737,-76.55592762,53.03690432,96
878738,-75.70592762,53.04130432,96
878739,-74.54856505,53.0387605,96
878751,-76.62122762,53.03750432,96
878752,-76.52242762,53.03470432,96
878753,-76.31302762,53.03740432,96
878754,-74.61486505,53.0356605,96
878785,-75.94712762,53.03500432,96
878786,-75.83582762,53.03610432,96
878787,-75.12576505,53.0376605,96
878788,-74.94466505,53.0350605,96
878789,-74.92196505,53.0355605,96
878797,-75.74192762,53.03540432,96
878798,-75.33782762,53.03520432,96
878807,-77.69552762,53.03320432,96
878808,-74.81436505,53.0347605,96
878838,-75.16086505,53.0352605,96
878963,-74.51416505,53.0367605,96
